100
    1    99    89
    2    93    83
    3    11     1
    4    46    36
    5    49    39
    6    63    53
    7    86    76
    8    19     9
    9    51    41
   10    25    15
   11    37    27
   12    36    26
   13    72    62
   14    13     3
   15   107    97
   16    55    45
   17    48    38
   18    34    24
   19    61    51
   20    82    72
   21    55    45
   22    66    56
   23    18     8
   24    18     8
   25    31    21
   26   106    96
   27    87    77
   28   101    91
   29   100    90
   30    82    72
   31    64    54
   32   103    93
   33    96    86
   34    93    83
   35    31    21
   36    49    39
   37    64    54
   38    82    72
   39   101    91
   40    41    31
   41   100    90
   42    33    23
   43    59    49
   44    50    40
   45    87    77
   46    51    41
   47    58    48
   48   103    93
   49    16     6
   50   104    94
   51    87    77
   52    42    32
   53    49    39
   54    15     5
   55    39    29
   56    55    45
   57    49    39
   58    97    87
   59    70    60
   60    16     6
   61    77    67
   62    64    54
   63   103    93
   64    55    45
   65    27    17
   66    79    69
   67    20    10
   68    42    32
   69    31    21
   70    11     1
   71    16     6
   72    96    86
   73    11     1
   74    88    78
   75   108    98
   76    42    32
   77    51    41
   78    62    52
   79    54    44
   80    51    41
   81    58    48
   82    19     9
   83    77    67
   84    93    83
   85    33    23
   86    81    71
   87    93    83
   88   110   100
   89    62    52
   90    42    32
   91   102    92
   92    34    24
   93    17     7
   94    24    14
   95    13     3
   96    64    54
   97    98    88
   98    72    62
   99    27    17
  100    77    67
493
