1000
    1    99    89
    2    93    83
    3    11     1
    4    46    36
    5    49    39
    6    63    53
    7    86    76
    8    19     9
    9    51    41
   10    25    15
   11    37    27
   12    36    26
   13    72    62
   14    13     3
   15   107    97
   16    55    45
   17    48    38
   18    34    24
   19    61    51
   20    82    72
   21    55    45
   22    66    56
   23    18     8
   24    18     8
   25    31    21
   26   106    96
   27    87    77
   28   101    91
   29   100    90
   30    82    72
   31    64    54
   32   103    93
   33    96    86
   34    93    83
   35    31    21
   36    49    39
   37    64    54
   38    82    72
   39   101    91
   40    41    31
   41   100    90
   42    33    23
   43    59    49
   44    50    40
   45    87    77
   46    51    41
   47    58    48
   48   103    93
   49    16     6
   50   104    94
   51    87    77
   52    42    32
   53    49    39
   54    15     5
   55    39    29
   56    55    45
   57    49    39
   58    97    87
   59    70    60
   60    16     6
   61    77    67
   62    64    54
   63   103    93
   64    55    45
   65    27    17
   66    79    69
   67    20    10
   68    42    32
   69    31    21
   70    11     1
   71    16     6
   72    96    86
   73    11     1
   74    88    78
   75   108    98
   76    42    32
   77    51    41
   78    62    52
   79    54    44
   80    51    41
   81    58    48
   82    19     9
   83    77    67
   84    93    83
   85    33    23
   86    81    71
   87    93    83
   88   110   100
   89    62    52
   90    42    32
   91   102    92
   92    34    24
   93    17     7
   94    24    14
   95    13     3
   96    64    54
   97    98    88
   98    72    62
   99    27    17
  100    77    67
  101    30    20
  102    66    56
  103    99    89
  104    22    12
  105    80    70
  106   110   100
  107    59    49
  108    24    14
  109   100    90
  110    51    41
  111    95    85
  112    33    23
  113   104    94
  114    26    16
  115    62    52
  116    23    13
  117    23    13
  118    39    29
  119    25    15
  120    70    60
  121   100    90
  122    51    41
  123    98    88
  124    81    71
  125    55    45
  126    53    43
  127    62    52
  128    41    31
  129    67    57
  130    22    12
  131    11     1
  132    96    86
  133    36    26
  134    72    62
  135    86    76
  136    29    19
  137    59    49
  138   104    94
  139    77    67
  140    25    15
  141    97    87
  142    56    46
  143    69    59
  144    70    60
  145   105    95
  146    40    30
  147    38    28
  148    81    71
  149    23    13
  150    38    28
  151    52    42
  152    37    27
  153    98    88
  154    17     7
  155    26    16
  156    20    10
  157    80    70
  158    75    65
  159    70    60
  160    63    53
  161    37    27
  162    22    12
  163    13     3
  164    61    51
  165    62    52
  166   105    95
  167   101    91
  168    93    83
  169   109    99
  170    92    82
  171    73    63
  172    40    30
  173    27    17
  174    49    39
  175    59    49
  176    26    16
  177   101    91
  178    19     9
  179   110   100
  180    86    76
  181    92    82
  182    77    67
  183    56    46
  184    73    63
  185    72    62
  186    53    43
  187    59    49
  188    76    66
  189    15     5
  190    51    41
  191    92    82
  192   102    92
  193    84    74
  194    48    38
  195    64    54
  196    39    29
  197    15     5
  198    96    86
  199    71    61
  200    48    38
  201   104    94
  202    96    86
  203    35    25
  204    69    59
  205    89    79
  206    58    48
  207    71    61
  208    61    51
  209    48    38
  210    54    44
  211    85    75
  212    82    72
  213    78    68
  214    73    63
  215    58    48
  216    80    70
  217    38    28
  218    69    59
  219   108    98
  220    96    86
  221    22    12
  222    89    79
  223    46    36
  224    61    51
  225    52    42
  226    53    43
  227   100    90
  228    91    81
  229    12     2
  230    77    67
  231    42    32
  232    36    26
  233    18     8
  234   106    96
  235    64    54
  236   108    98
  237    80    70
  238    13     3
  239    88    78
  240    62    52
  241    39    29
  242    41    31
  243    12     2
  244    26    16
  245    23    13
  246    53    43
  247    42    32
  248    26    16
  249    64    54
  250    87    77
  251    74    64
  252    96    86
  253    63    53
  254    76    66
  255    63    53
  256    53    43
  257    46    36
  258    35    25
  259    34    24
  260    48    38
  261    89    79
  262    14     4
  263    76    66
  264    94    84
  265    30    20
  266    51    41
  267   107    97
  268    54    44
  269   100    90
  270    29    19
  271    61    51
  272    15     5
  273    76    66
  274    32    22
  275   102    92
  276    45    35
  277    89    79
  278    14     4
  279    83    73
  280    65    55
  281    86    76
  282    89    79
  283    80    70
  284   108    98
  285    66    56
  286   105    95
  287    46    36
  288    63    53
  289    52    42
  290    63    53
  291    37    27
  292    30    20
  293    69    59
  294    24    14
  295   102    92
  296    98    88
  297    48    38
  298    64    54
  299    33    23
  300    58    48
  301   108    98
  302    28    18
  303    64    54
  304    86    76
  305    13     3
  306    15     5
  307    51    41
  308   107    97
  309    81    71
  310    92    82
  311    87    77
  312    59    49
  313    89    79
  314    77    67
  315    26    16
  316   100    90
  317    81    71
  318    79    69
  319   100    90
  320    68    58
  321    84    74
  322    74    64
  323   106    96
  324    93    83
  325   101    91
  326    17     7
  327    21    11
  328    64    54
  329   108    98
  330    32    22
  331    73    63
  332    72    62
  333    14     4
  334    82    72
  335    75    65
  336   107    97
  337    17     7
  338    57    47
  339    48    38
  340    44    34
  341    78    68
  342    74    64
  343    41    31
  344    89    79
  345    44    34
  346    57    47
  347   105    95
  348    17     7
  349    90    80
  350    66    56
  351    70    60
  352    95    85
  353    61    51
  354    66    56
  355   108    98
  356    73    63
  357    29    19
  358    29    19
  359    83    73
  360    36    26
  361    42    32
  362    14     4
  363    20    10
  364    17     7
  365    95    85
  366    84    74
  367    43    33
  368    32    22
  369    20    10
  370    96    86
  371    24    14
  372    81    71
  373    89    79
  374    32    22
  375   100    90
  376    63    53
  377    95    85
  378    11     1
  379   100    90
  380    22    12
  381    21    11
  382    20    10
  383    86    76
  384    15     5
  385    83    73
  386    93    83
  387    15     5
  388    75    65
  389    36    26
  390    51    41
  391    85    75
  392    29    19
  393    67    57
  394    32    22
  395    49    39
  396    35    25
  397    18     8
  398    30    20
  399    24    14
  400    23    13
  401    94    84
  402    79    69
  403    52    42
  404    45    35
  405    58    48
  406    83    73
  407    22    12
  408    29    19
  409    74    64
  410    89    79
  411    16     6
  412    24    14
  413    99    89
  414   106    96
  415    37    27
  416    99    89
  417    62    52
  418    21    11
  419    96    86
  420    26    16
  421    43    33
  422    60    50
  423    83    73
  424    88    78
  425    46    36
  426    20    10
  427    20    10
  428    68    58
  429    81    71
  430    95    85
  431    42    32
  432    30    20
  433    99    89
  434    18     8
  435    67    57
  436    56    46
  437    24    14
  438    95    85
  439   109    99
  440    74    64
  441    53    43
  442    53    43
  443    52    42
  444    50    40
  445    68    58
  446    51    41
  447    99    89
  448    48    38
  449    59    49
  450    56    46
  451   103    93
  452    47    37
  453    50    40
  454    15     5
  455    80    70
  456    61    51
  457    70    60
  458    60    50
  459    82    72
  460    16     6
  461    52    42
  462    51    41
  463    77    67
  464    74    64
  465    64    54
  466    25    15
  467    57    47
  468    55    45
  469    48    38
  470   107    97
  471   103    93
  472    12     2
  473    24    14
  474    86    76
  475    84    74
  476    52    42
  477    24    14
  478    37    27
  479    24    14
  480    38    28
  481    36    26
  482    28    18
  483    38    28
  484    96    86
  485    40    30
  486    85    75
  487    42    32
  488    67    57
  489    69    59
  490    83    73
  491   102    92
  492   109    99
  493    45    35
  494    59    49
  495    85    75
  496   106    96
  497    43    33
  498    72    62
  499    27    17
  500    53    43
  501    18     8
  502    31    21
  503    98    88
  504    53    43
  505    72    62
  506    47    37
  507    49    39
  508    18     8
  509    54    44
  510    24    14
  511    96    86
  512    84    74
  513   103    93
  514    99    89
  515    95    85
  516    51    41
  517    54    44
  518    26    16
  519   108    98
  520    20    10
  521    70    60
  522    32    22
  523    68    58
  524    41    31
  525    70    60
  526    71    61
  527    34    24
  528   101    91
  529    54    44
  530    36    26
  531    53    43
  532    98    88
  533   109    99
  534    49    39
  535    99    89
  536    22    12
  537    16     6
  538   106    96
  539    46    36
  540    52    42
  541    63    53
  542    65    55
  543   102    92
  544    20    10
  545    75    65
  546    83    73
  547    74    64
  548    36    26
  549    88    78
  550    41    31
  551    93    83
  552    46    36
  553    66    56
  554   105    95
  555   109    99
  556    40    30
  557    44    34
  558    14     4
  559    19     9
  560    62    52
  561    28    18
  562    99    89
  563    81    71
  564    38    28
  565    22    12
  566   110   100
  567    50    40
  568    42    32
  569   107    97
  570    54    44
  571    32    22
  572    71    61
  573   102    92
  574    51    41
  575    72    62
  576    12     2
  577   108    98
  578    14     4
  579    34    24
  580    93    83
  581    29    19
  582    98    88
  583    11     1
  584   106    96
  585    11     1
  586    17     7
  587    13     3
  588    52    42
  589    14     4
  590   101    91
  591    18     8
  592   106    96
  593    13     3
  594   106    96
  595    33    23
  596    46    36
  597    37    27
  598    48    38
  599    99    89
  600    42    32
  601    87    77
  602    51    41
  603    26    16
  604   110   100
  605   105    95
  606    51    41
  607    60    50
  608    69    59
  609    38    28
  610   107    97
  611    75    65
  612    60    50
  613    30    20
  614    18     8
  615    92    82
  616    16     6
  617    27    17
  618    84    74
  619   106    96
  620    83    73
  621    77    67
  622    11     1
  623    41    31
  624    57    47
  625    81    71
  626    21    11
  627    77    67
  628    61    51
  629    29    19
  630    35    25
  631   105    95
  632    15     5
  633    48    38
  634    20    10
  635    80    70
  636    18     8
  637    13     3
  638    29    19
  639    20    10
  640    42    32
  641    85    75
  642   105    95
  643    42    32
  644    92    82
  645    39    29
  646    80    70
  647    53    43
  648    71    61
  649    48    38
  650    14     4
  651    14     4
  652    24    14
  653    97    87
  654    93    83
  655    42    32
  656    98    88
  657    81    71
  658    36    26
  659   108    98
  660    27    17
  661    67    57
  662   102    92
  663    54    44
  664    35    25
  665    60    50
  666    99    89
  667    99    89
  668    73    63
  669   105    95
  670   100    90
  671    14     4
  672    77    67
  673    98    88
  674    18     8
  675    14     4
  676    74    64
  677    91    81
  678    49    39
  679    67    57
  680   109    99
  681    68    58
  682    90    80
  683    97    87
  684    59    49
  685    89    79
  686    42    32
  687    79    69
  688    47    37
  689    47    37
  690    24    14
  691    66    56
  692    64    54
  693    63    53
  694    18     8
  695    33    23
  696    54    44
  697   104    94
  698    47    37
  699    94    84
  700    73    63
  701    79    69
  702    28    18
  703    63    53
  704   100    90
  705   107    97
  706    93    83
  707    15     5
  708    80    70
  709   103    93
  710    61    51
  711   104    94
  712    96    86
  713    82    72
  714    14     4
  715    22    12
  716    49    39
  717   110   100
  718   107    97
  719    65    55
  720    94    84
  721    17     7
  722   107    97
  723    92    82
  724    17     7
  725    52    42
  726    50    40
  727    69    59
  728   102    92
  729    61    51
  730    20    10
  731    50    40
  732    82    72
  733    76    66
  734    50    40
  735    43    33
  736    56    46
  737    70    60
  738    34    24
  739    22    12
  740   100    90
  741    27    17
  742    79    69
  743   101    91
  744    81    71
  745    67    57
  746    61    51
  747    93    83
  748    33    23
  749    67    57
  750   107    97
  751    44    34
  752   104    94
  753    38    28
  754    62    52
  755    33    23
  756    41    31
  757    35    25
  758    67    57
  759    64    54
  760    41    31
  761    14     4
  762    42    32
  763    82    72
  764    94    84
  765    55    45
  766    94    84
  767    42    32
  768    89    79
  769   102    92
  770   109    99
  771    74    64
  772    33    23
  773    50    40
  774    80    70
  775    85    75
  776    83    73
  777    13     3
  778    63    53
  779    31    21
  780    31    21
  781    82    72
  782    91    81
  783    32    22
  784    25    15
  785    38    28
  786    50    40
  787    29    19
  788    33    23
  789    87    77
  790   109    99
  791    36    26
  792    96    86
  793   107    97
  794    93    83
  795    91    81
  796    23    13
  797    33    23
  798    83    73
  799    44    34
  800    59    49
  801    39    29
  802    29    19
  803    36    26
  804    96    86
  805    57    47
  806    31    21
  807    46    36
  808   104    94
  809    13     3
  810    76    66
  811    15     5
  812   103    93
  813    73    63
  814    99    89
  815    97    87
  816    84    74
  817    49    39
  818   109    99
  819   101    91
  820    75    65
  821    98    88
  822    87    77
  823    30    20
  824    47    37
  825    12     2
  826    97    87
  827    20    10
  828    88    78
  829    94    84
  830    14     4
  831    73    63
  832    13     3
  833    66    56
  834    56    46
  835    75    65
  836    32    22
  837   107    97
  838    61    51
  839    87    77
  840    54    44
  841    80    70
  842    92    82
  843   106    96
  844    46    36
  845    48    38
  846    69    59
  847    11     1
  848    74    64
  849    71    61
  850    96    86
  851    20    10
  852    93    83
  853    57    47
  854    81    71
  855    35    25
  856    66    56
  857   105    95
  858    82    72
  859   105    95
  860    41    31
  861    74    64
  862    42    32
  863    85    75
  864    52    42
  865   101    91
  866    53    43
  867    76    66
  868   101    91
  869    94    84
  870    85    75
  871    80    70
  872    22    12
  873    21    11
  874    91    81
  875    39    29
  876    23    13
  877   105    95
  878   100    90
  879    70    60
  880   107    97
  881    57    47
  882    44    34
  883    31    21
  884    66    56
  885    79    69
  886    36    26
  887    33    23
  888    48    38
  889   106    96
  890    28    18
  891    23    13
  892    79    69
  893    36    26
  894    32    22
  895   100    90
  896    24    14
  897    50    40
  898    52    42
  899    82    72
  900    83    73
  901    84    74
  902    47    37
  903    28    18
  904   108    98
  905    52    42
  906    49    39
  907    22    12
  908    62    52
  909    45    35
  910    50    40
  911    53    43
  912    15     5
  913    78    68
  914    31    21
  915    57    47
  916    47    37
  917    90    80
  918    72    62
  919    45    35
  920    70    60
  921    64    54
  922    39    29
  923    41    31
  924    57    47
  925    40    30
  926    15     5
  927    73    63
  928    25    15
  929    23    13
  930   109    99
  931    13     3
  932    71    61
  933    93    83
  934    33    23
  935    97    87
  936    79    69
  937    17     7
  938    39    29
  939    60    50
  940    36    26
  941    11     1
  942    47    37
  943    50    40
  944   110   100
  945   109    99
  946    19     9
  947   103    93
  948    51    41
  949    71    61
  950    52    42
  951   102    92
  952    96    86
  953    22    12
  954    67    57
  955    15     5
  956    35    25
  957    72    62
  958   104    94
  959    46    36
  960   103    93
  961    82    72
  962    44    34
  963    66    56
  964    52    42
  965    86    76
  966    53    43
  967   109    99
  968    61    51
  969    96    86
  970    71    61
  971   104    94
  972    24    14
  973    57    47
  974    89    79
  975    11     1
  976   107    97
  977    16     6
  978    58    48
  979    40    30
  980    46    36
  981    38    28
  982    28    18
  983    86    76
  984    62    52
  985    16     6
  986   101    91
  987    78    68
  988    14     4
  989    66    56
  990    30    20
  991    97    87
  992    81    71
  993    14     4
  994    13     3
  995    88    78
  996    62    52
  997    11     1
  998    83    73
  999    29    19
 1000    44    34
5068
