1000
    1    89    89
    2    83    83
    3     1     1
    4    36    36
    5    39    39
    6    53    53
    7    76    76
    8     9     9
    9    41    41
   10    15    15
   11    27    27
   12    26    26
   13    62    62
   14     3     3
   15    97    97
   16    45    45
   17    38    38
   18    24    24
   19    51    51
   20    72    72
   21    45    45
   22    56    56
   23     8     8
   24     8     8
   25    21    21
   26    96    96
   27    77    77
   28    91    91
   29    90    90
   30    72    72
   31    54    54
   32    93    93
   33    86    86
   34    83    83
   35    21    21
   36    39    39
   37    54    54
   38    72    72
   39    91    91
   40    31    31
   41    90    90
   42    23    23
   43    49    49
   44    40    40
   45    77    77
   46    41    41
   47    48    48
   48    93    93
   49     6     6
   50    94    94
   51    77    77
   52    32    32
   53    39    39
   54     5     5
   55    29    29
   56    45    45
   57    39    39
   58    87    87
   59    60    60
   60     6     6
   61    67    67
   62    54    54
   63    93    93
   64    45    45
   65    17    17
   66    69    69
   67    10    10
   68    32    32
   69    21    21
   70     1     1
   71     6     6
   72    86    86
   73     1     1
   74    78    78
   75    98    98
   76    32    32
   77    41    41
   78    52    52
   79    44    44
   80    41    41
   81    48    48
   82     9     9
   83    67    67
   84    83    83
   85    23    23
   86    71    71
   87    83    83
   88   100   100
   89    52    52
   90    32    32
   91    92    92
   92    24    24
   93     7     7
   94    14    14
   95     3     3
   96    54    54
   97    88    88
   98    62    62
   99    17    17
  100    67    67
  101    20    20
  102    56    56
  103    89    89
  104    12    12
  105    70    70
  106   100   100
  107    49    49
  108    14    14
  109    90    90
  110    41    41
  111    85    85
  112    23    23
  113    94    94
  114    16    16
  115    52    52
  116    13    13
  117    13    13
  118    29    29
  119    15    15
  120    60    60
  121    90    90
  122    41    41
  123    88    88
  124    71    71
  125    45    45
  126    43    43
  127    52    52
  128    31    31
  129    57    57
  130    12    12
  131     1     1
  132    86    86
  133    26    26
  134    62    62
  135    76    76
  136    19    19
  137    49    49
  138    94    94
  139    67    67
  140    15    15
  141    87    87
  142    46    46
  143    59    59
  144    60    60
  145    95    95
  146    30    30
  147    28    28
  148    71    71
  149    13    13
  150    28    28
  151    42    42
  152    27    27
  153    88    88
  154     7     7
  155    16    16
  156    10    10
  157    70    70
  158    65    65
  159    60    60
  160    53    53
  161    27    27
  162    12    12
  163     3     3
  164    51    51
  165    52    52
  166    95    95
  167    91    91
  168    83    83
  169    99    99
  170    82    82
  171    63    63
  172    30    30
  173    17    17
  174    39    39
  175    49    49
  176    16    16
  177    91    91
  178     9     9
  179   100   100
  180    76    76
  181    82    82
  182    67    67
  183    46    46
  184    63    63
  185    62    62
  186    43    43
  187    49    49
  188    66    66
  189     5     5
  190    41    41
  191    82    82
  192    92    92
  193    74    74
  194    38    38
  195    54    54
  196    29    29
  197     5     5
  198    86    86
  199    61    61
  200    38    38
  201    94    94
  202    86    86
  203    25    25
  204    59    59
  205    79    79
  206    48    48
  207    61    61
  208    51    51
  209    38    38
  210    44    44
  211    75    75
  212    72    72
  213    68    68
  214    63    63
  215    48    48
  216    70    70
  217    28    28
  218    59    59
  219    98    98
  220    86    86
  221    12    12
  222    79    79
  223    36    36
  224    51    51
  225    42    42
  226    43    43
  227    90    90
  228    81    81
  229     2     2
  230    67    67
  231    32    32
  232    26    26
  233     8     8
  234    96    96
  235    54    54
  236    98    98
  237    70    70
  238     3     3
  239    78    78
  240    52    52
  241    29    29
  242    31    31
  243     2     2
  244    16    16
  245    13    13
  246    43    43
  247    32    32
  248    16    16
  249    54    54
  250    77    77
  251    64    64
  252    86    86
  253    53    53
  254    66    66
  255    53    53
  256    43    43
  257    36    36
  258    25    25
  259    24    24
  260    38    38
  261    79    79
  262     4     4
  263    66    66
  264    84    84
  265    20    20
  266    41    41
  267    97    97
  268    44    44
  269    90    90
  270    19    19
  271    51    51
  272     5     5
  273    66    66
  274    22    22
  275    92    92
  276    35    35
  277    79    79
  278     4     4
  279    73    73
  280    55    55
  281    76    76
  282    79    79
  283    70    70
  284    98    98
  285    56    56
  286    95    95
  287    36    36
  288    53    53
  289    42    42
  290    53    53
  291    27    27
  292    20    20
  293    59    59
  294    14    14
  295    92    92
  296    88    88
  297    38    38
  298    54    54
  299    23    23
  300    48    48
  301    98    98
  302    18    18
  303    54    54
  304    76    76
  305     3     3
  306     5     5
  307    41    41
  308    97    97
  309    71    71
  310    82    82
  311    77    77
  312    49    49
  313    79    79
  314    67    67
  315    16    16
  316    90    90
  317    71    71
  318    69    69
  319    90    90
  320    58    58
  321    74    74
  322    64    64
  323    96    96
  324    83    83
  325    91    91
  326     7     7
  327    11    11
  328    54    54
  329    98    98
  330    22    22
  331    63    63
  332    62    62
  333     4     4
  334    72    72
  335    65    65
  336    97    97
  337     7     7
  338    47    47
  339    38    38
  340    34    34
  341    68    68
  342    64    64
  343    31    31
  344    79    79
  345    34    34
  346    47    47
  347    95    95
  348     7     7
  349    80    80
  350    56    56
  351    60    60
  352    85    85
  353    51    51
  354    56    56
  355    98    98
  356    63    63
  357    19    19
  358    19    19
  359    73    73
  360    26    26
  361    32    32
  362     4     4
  363    10    10
  364     7     7
  365    85    85
  366    74    74
  367    33    33
  368    22    22
  369    10    10
  370    86    86
  371    14    14
  372    71    71
  373    79    79
  374    22    22
  375    90    90
  376    53    53
  377    85    85
  378     1     1
  379    90    90
  380    12    12
  381    11    11
  382    10    10
  383    76    76
  384     5     5
  385    73    73
  386    83    83
  387     5     5
  388    65    65
  389    26    26
  390    41    41
  391    75    75
  392    19    19
  393    57    57
  394    22    22
  395    39    39
  396    25    25
  397     8     8
  398    20    20
  399    14    14
  400    13    13
  401    84    84
  402    69    69
  403    42    42
  404    35    35
  405    48    48
  406    73    73
  407    12    12
  408    19    19
  409    64    64
  410    79    79
  411     6     6
  412    14    14
  413    89    89
  414    96    96
  415    27    27
  416    89    89
  417    52    52
  418    11    11
  419    86    86
  420    16    16
  421    33    33
  422    50    50
  423    73    73
  424    78    78
  425    36    36
  426    10    10
  427    10    10
  428    58    58
  429    71    71
  430    85    85
  431    32    32
  432    20    20
  433    89    89
  434     8     8
  435    57    57
  436    46    46
  437    14    14
  438    85    85
  439    99    99
  440    64    64
  441    43    43
  442    43    43
  443    42    42
  444    40    40
  445    58    58
  446    41    41
  447    89    89
  448    38    38
  449    49    49
  450    46    46
  451    93    93
  452    37    37
  453    40    40
  454     5     5
  455    70    70
  456    51    51
  457    60    60
  458    50    50
  459    72    72
  460     6     6
  461    42    42
  462    41    41
  463    67    67
  464    64    64
  465    54    54
  466    15    15
  467    47    47
  468    45    45
  469    38    38
  470    97    97
  471    93    93
  472     2     2
  473    14    14
  474    76    76
  475    74    74
  476    42    42
  477    14    14
  478    27    27
  479    14    14
  480    28    28
  481    26    26
  482    18    18
  483    28    28
  484    86    86
  485    30    30
  486    75    75
  487    32    32
  488    57    57
  489    59    59
  490    73    73
  491    92    92
  492    99    99
  493    35    35
  494    49    49
  495    75    75
  496    96    96
  497    33    33
  498    62    62
  499    17    17
  500    43    43
  501     8     8
  502    21    21
  503    88    88
  504    43    43
  505    62    62
  506    37    37
  507    39    39
  508     8     8
  509    44    44
  510    14    14
  511    86    86
  512    74    74
  513    93    93
  514    89    89
  515    85    85
  516    41    41
  517    44    44
  518    16    16
  519    98    98
  520    10    10
  521    60    60
  522    22    22
  523    58    58
  524    31    31
  525    60    60
  526    61    61
  527    24    24
  528    91    91
  529    44    44
  530    26    26
  531    43    43
  532    88    88
  533    99    99
  534    39    39
  535    89    89
  536    12    12
  537     6     6
  538    96    96
  539    36    36
  540    42    42
  541    53    53
  542    55    55
  543    92    92
  544    10    10
  545    65    65
  546    73    73
  547    64    64
  548    26    26
  549    78    78
  550    31    31
  551    83    83
  552    36    36
  553    56    56
  554    95    95
  555    99    99
  556    30    30
  557    34    34
  558     4     4
  559     9     9
  560    52    52
  561    18    18
  562    89    89
  563    71    71
  564    28    28
  565    12    12
  566   100   100
  567    40    40
  568    32    32
  569    97    97
  570    44    44
  571    22    22
  572    61    61
  573    92    92
  574    41    41
  575    62    62
  576     2     2
  577    98    98
  578     4     4
  579    24    24
  580    83    83
  581    19    19
  582    88    88
  583     1     1
  584    96    96
  585     1     1
  586     7     7
  587     3     3
  588    42    42
  589     4     4
  590    91    91
  591     8     8
  592    96    96
  593     3     3
  594    96    96
  595    23    23
  596    36    36
  597    27    27
  598    38    38
  599    89    89
  600    32    32
  601    77    77
  602    41    41
  603    16    16
  604   100   100
  605    95    95
  606    41    41
  607    50    50
  608    59    59
  609    28    28
  610    97    97
  611    65    65
  612    50    50
  613    20    20
  614     8     8
  615    82    82
  616     6     6
  617    17    17
  618    74    74
  619    96    96
  620    73    73
  621    67    67
  622     1     1
  623    31    31
  624    47    47
  625    71    71
  626    11    11
  627    67    67
  628    51    51
  629    19    19
  630    25    25
  631    95    95
  632     5     5
  633    38    38
  634    10    10
  635    70    70
  636     8     8
  637     3     3
  638    19    19
  639    10    10
  640    32    32
  641    75    75
  642    95    95
  643    32    32
  644    82    82
  645    29    29
  646    70    70
  647    43    43
  648    61    61
  649    38    38
  650     4     4
  651     4     4
  652    14    14
  653    87    87
  654    83    83
  655    32    32
  656    88    88
  657    71    71
  658    26    26
  659    98    98
  660    17    17
  661    57    57
  662    92    92
  663    44    44
  664    25    25
  665    50    50
  666    89    89
  667    89    89
  668    63    63
  669    95    95
  670    90    90
  671     4     4
  672    67    67
  673    88    88
  674     8     8
  675     4     4
  676    64    64
  677    81    81
  678    39    39
  679    57    57
  680    99    99
  681    58    58
  682    80    80
  683    87    87
  684    49    49
  685    79    79
  686    32    32
  687    69    69
  688    37    37
  689    37    37
  690    14    14
  691    56    56
  692    54    54
  693    53    53
  694     8     8
  695    23    23
  696    44    44
  697    94    94
  698    37    37
  699    84    84
  700    63    63
  701    69    69
  702    18    18
  703    53    53
  704    90    90
  705    97    97
  706    83    83
  707     5     5
  708    70    70
  709    93    93
  710    51    51
  711    94    94
  712    86    86
  713    72    72
  714     4     4
  715    12    12
  716    39    39
  717   100   100
  718    97    97
  719    55    55
  720    84    84
  721     7     7
  722    97    97
  723    82    82
  724     7     7
  725    42    42
  726    40    40
  727    59    59
  728    92    92
  729    51    51
  730    10    10
  731    40    40
  732    72    72
  733    66    66
  734    40    40
  735    33    33
  736    46    46
  737    60    60
  738    24    24
  739    12    12
  740    90    90
  741    17    17
  742    69    69
  743    91    91
  744    71    71
  745    57    57
  746    51    51
  747    83    83
  748    23    23
  749    57    57
  750    97    97
  751    34    34
  752    94    94
  753    28    28
  754    52    52
  755    23    23
  756    31    31
  757    25    25
  758    57    57
  759    54    54
  760    31    31
  761     4     4
  762    32    32
  763    72    72
  764    84    84
  765    45    45
  766    84    84
  767    32    32
  768    79    79
  769    92    92
  770    99    99
  771    64    64
  772    23    23
  773    40    40
  774    70    70
  775    75    75
  776    73    73
  777     3     3
  778    53    53
  779    21    21
  780    21    21
  781    72    72
  782    81    81
  783    22    22
  784    15    15
  785    28    28
  786    40    40
  787    19    19
  788    23    23
  789    77    77
  790    99    99
  791    26    26
  792    86    86
  793    97    97
  794    83    83
  795    81    81
  796    13    13
  797    23    23
  798    73    73
  799    34    34
  800    49    49
  801    29    29
  802    19    19
  803    26    26
  804    86    86
  805    47    47
  806    21    21
  807    36    36
  808    94    94
  809     3     3
  810    66    66
  811     5     5
  812    93    93
  813    63    63
  814    89    89
  815    87    87
  816    74    74
  817    39    39
  818    99    99
  819    91    91
  820    65    65
  821    88    88
  822    77    77
  823    20    20
  824    37    37
  825     2     2
  826    87    87
  827    10    10
  828    78    78
  829    84    84
  830     4     4
  831    63    63
  832     3     3
  833    56    56
  834    46    46
  835    65    65
  836    22    22
  837    97    97
  838    51    51
  839    77    77
  840    44    44
  841    70    70
  842    82    82
  843    96    96
  844    36    36
  845    38    38
  846    59    59
  847     1     1
  848    64    64
  849    61    61
  850    86    86
  851    10    10
  852    83    83
  853    47    47
  854    71    71
  855    25    25
  856    56    56
  857    95    95
  858    72    72
  859    95    95
  860    31    31
  861    64    64
  862    32    32
  863    75    75
  864    42    42
  865    91    91
  866    43    43
  867    66    66
  868    91    91
  869    84    84
  870    75    75
  871    70    70
  872    12    12
  873    11    11
  874    81    81
  875    29    29
  876    13    13
  877    95    95
  878    90    90
  879    60    60
  880    97    97
  881    47    47
  882    34    34
  883    21    21
  884    56    56
  885    69    69
  886    26    26
  887    23    23
  888    38    38
  889    96    96
  890    18    18
  891    13    13
  892    69    69
  893    26    26
  894    22    22
  895    90    90
  896    14    14
  897    40    40
  898    42    42
  899    72    72
  900    73    73
  901    74    74
  902    37    37
  903    18    18
  904    98    98
  905    42    42
  906    39    39
  907    12    12
  908    52    52
  909    35    35
  910    40    40
  911    43    43
  912     5     5
  913    68    68
  914    21    21
  915    47    47
  916    37    37
  917    80    80
  918    62    62
  919    35    35
  920    60    60
  921    54    54
  922    29    29
  923    31    31
  924    47    47
  925    30    30
  926     5     5
  927    63    63
  928    15    15
  929    13    13
  930    99    99
  931     3     3
  932    61    61
  933    83    83
  934    23    23
  935    87    87
  936    69    69
  937     7     7
  938    29    29
  939    50    50
  940    26    26
  941     1     1
  942    37    37
  943    40    40
  944   100   100
  945    99    99
  946     9     9
  947    93    93
  948    41    41
  949    61    61
  950    42    42
  951    92    92
  952    86    86
  953    12    12
  954    57    57
  955     5     5
  956    25    25
  957    62    62
  958    94    94
  959    36    36
  960    93    93
  961    72    72
  962    34    34
  963    56    56
  964    42    42
  965    76    76
  966    43    43
  967    99    99
  968    51    51
  969    86    86
  970    61    61
  971    94    94
  972    14    14
  973    47    47
  974    79    79
  975     1     1
  976    97    97
  977     6     6
  978    48    48
  979    30    30
  980    36    36
  981    28    28
  982    18    18
  983    76    76
  984    52    52
  985     6     6
  986    91    91
  987    68    68
  988     4     4
  989    56    56
  990    20    20
  991    87    87
  992    71    71
  993     4     4
  994     3     3
  995    78    78
  996    52    52
  997     1     1
  998    73    73
  999    19    19
 1000    34    34
5068
