300
    1    89    89
    2    83    83
    3     1     1
    4    36    36
    5    39    39
    6    53    53
    7    76    76
    8     9     9
    9    41    41
   10    15    15
   11    27    27
   12    26    26
   13    62    62
   14     3     3
   15    97    97
   16    45    45
   17    38    38
   18    24    24
   19    51    51
   20    72    72
   21    45    45
   22    56    56
   23     8     8
   24     8     8
   25    21    21
   26    96    96
   27    77    77
   28    91    91
   29    90    90
   30    72    72
   31    54    54
   32    93    93
   33    86    86
   34    83    83
   35    21    21
   36    39    39
   37    54    54
   38    72    72
   39    91    91
   40    31    31
   41    90    90
   42    23    23
   43    49    49
   44    40    40
   45    77    77
   46    41    41
   47    48    48
   48    93    93
   49     6     6
   50    94    94
   51    77    77
   52    32    32
   53    39    39
   54     5     5
   55    29    29
   56    45    45
   57    39    39
   58    87    87
   59    60    60
   60     6     6
   61    67    67
   62    54    54
   63    93    93
   64    45    45
   65    17    17
   66    69    69
   67    10    10
   68    32    32
   69    21    21
   70     1     1
   71     6     6
   72    86    86
   73     1     1
   74    78    78
   75    98    98
   76    32    32
   77    41    41
   78    52    52
   79    44    44
   80    41    41
   81    48    48
   82     9     9
   83    67    67
   84    83    83
   85    23    23
   86    71    71
   87    83    83
   88   100   100
   89    52    52
   90    32    32
   91    92    92
   92    24    24
   93     7     7
   94    14    14
   95     3     3
   96    54    54
   97    88    88
   98    62    62
   99    17    17
  100    67    67
  101    20    20
  102    56    56
  103    89    89
  104    12    12
  105    70    70
  106   100   100
  107    49    49
  108    14    14
  109    90    90
  110    41    41
  111    85    85
  112    23    23
  113    94    94
  114    16    16
  115    52    52
  116    13    13
  117    13    13
  118    29    29
  119    15    15
  120    60    60
  121    90    90
  122    41    41
  123    88    88
  124    71    71
  125    45    45
  126    43    43
  127    52    52
  128    31    31
  129    57    57
  130    12    12
  131     1     1
  132    86    86
  133    26    26
  134    62    62
  135    76    76
  136    19    19
  137    49    49
  138    94    94
  139    67    67
  140    15    15
  141    87    87
  142    46    46
  143    59    59
  144    60    60
  145    95    95
  146    30    30
  147    28    28
  148    71    71
  149    13    13
  150    28    28
  151    42    42
  152    27    27
  153    88    88
  154     7     7
  155    16    16
  156    10    10
  157    70    70
  158    65    65
  159    60    60
  160    53    53
  161    27    27
  162    12    12
  163     3     3
  164    51    51
  165    52    52
  166    95    95
  167    91    91
  168    83    83
  169    99    99
  170    82    82
  171    63    63
  172    30    30
  173    17    17
  174    39    39
  175    49    49
  176    16    16
  177    91    91
  178     9     9
  179   100   100
  180    76    76
  181    82    82
  182    67    67
  183    46    46
  184    63    63
  185    62    62
  186    43    43
  187    49    49
  188    66    66
  189     5     5
  190    41    41
  191    82    82
  192    92    92
  193    74    74
  194    38    38
  195    54    54
  196    29    29
  197     5     5
  198    86    86
  199    61    61
  200    38    38
  201    94    94
  202    86    86
  203    25    25
  204    59    59
  205    79    79
  206    48    48
  207    61    61
  208    51    51
  209    38    38
  210    44    44
  211    75    75
  212    72    72
  213    68    68
  214    63    63
  215    48    48
  216    70    70
  217    28    28
  218    59    59
  219    98    98
  220    86    86
  221    12    12
  222    79    79
  223    36    36
  224    51    51
  225    42    42
  226    43    43
  227    90    90
  228    81    81
  229     2     2
  230    67    67
  231    32    32
  232    26    26
  233     8     8
  234    96    96
  235    54    54
  236    98    98
  237    70    70
  238     3     3
  239    78    78
  240    52    52
  241    29    29
  242    31    31
  243     2     2
  244    16    16
  245    13    13
  246    43    43
  247    32    32
  248    16    16
  249    54    54
  250    77    77
  251    64    64
  252    86    86
  253    53    53
  254    66    66
  255    53    53
  256    43    43
  257    36    36
  258    25    25
  259    24    24
  260    38    38
  261    79    79
  262     4     4
  263    66    66
  264    84    84
  265    20    20
  266    41    41
  267    97    97
  268    44    44
  269    90    90
  270    19    19
  271    51    51
  272     5     5
  273    66    66
  274    22    22
  275    92    92
  276    35    35
  277    79    79
  278     4     4
  279    73    73
  280    55    55
  281    76    76
  282    79    79
  283    70    70
  284    98    98
  285    56    56
  286    95    95
  287    36    36
  288    53    53
  289    42    42
  290    53    53
  291    27    27
  292    20    20
  293    59    59
  294    14    14
  295    92    92
  296    88    88
  297    38    38
  298    54    54
  299    23    23
  300    48    48
1523
