100
    1    89    89
    2    83    83
    3     1     1
    4    36    36
    5    39    39
    6    53    53
    7    76    76
    8     9     9
    9    41    41
   10    15    15
   11    27    27
   12    26    26
   13    62    62
   14     3     3
   15    97    97
   16    45    45
   17    38    38
   18    24    24
   19    51    51
   20    72    72
   21    45    45
   22    56    56
   23     8     8
   24     8     8
   25    21    21
   26    96    96
   27    77    77
   28    91    91
   29    90    90
   30    72    72
   31    54    54
   32    93    93
   33    86    86
   34    83    83
   35    21    21
   36    39    39
   37    54    54
   38    72    72
   39    91    91
   40    31    31
   41    90    90
   42    23    23
   43    49    49
   44    40    40
   45    77    77
   46    41    41
   47    48    48
   48    93    93
   49     6     6
   50    94    94
   51    77    77
   52    32    32
   53    39    39
   54     5     5
   55    29    29
   56    45    45
   57    39    39
   58    87    87
   59    60    60
   60     6     6
   61    67    67
   62    54    54
   63    93    93
   64    45    45
   65    17    17
   66    69    69
   67    10    10
   68    32    32
   69    21    21
   70     1     1
   71     6     6
   72    86    86
   73     1     1
   74    78    78
   75    98    98
   76    32    32
   77    41    41
   78    52    52
   79    44    44
   80    41    41
   81    48    48
   82     9     9
   83    67    67
   84    83    83
   85    23    23
   86    71    71
   87    83    83
   88   100   100
   89    52    52
   90    32    32
   91    92    92
   92    24    24
   93     7     7
   94    14    14
   95     3     3
   96    54    54
   97    88    88
   98    62    62
   99    17    17
  100    67    67
493
