500
    1    89    89
    2    83    83
    3     1     1
    4    36    36
    5    39    39
    6    53    53
    7    76    76
    8     9     9
    9    41    41
   10    15    15
   11    27    27
   12    26    26
   13    62    62
   14     3     3
   15    97    97
   16    45    45
   17    38    38
   18    24    24
   19    51    51
   20    72    72
   21    45    45
   22    56    56
   23     8     8
   24     8     8
   25    21    21
   26    96    96
   27    77    77
   28    91    91
   29    90    90
   30    72    72
   31    54    54
   32    93    93
   33    86    86
   34    83    83
   35    21    21
   36    39    39
   37    54    54
   38    72    72
   39    91    91
   40    31    31
   41    90    90
   42    23    23
   43    49    49
   44    40    40
   45    77    77
   46    41    41
   47    48    48
   48    93    93
   49     6     6
   50    94    94
   51    77    77
   52    32    32
   53    39    39
   54     5     5
   55    29    29
   56    45    45
   57    39    39
   58    87    87
   59    60    60
   60     6     6
   61    67    67
   62    54    54
   63    93    93
   64    45    45
   65    17    17
   66    69    69
   67    10    10
   68    32    32
   69    21    21
   70     1     1
   71     6     6
   72    86    86
   73     1     1
   74    78    78
   75    98    98
   76    32    32
   77    41    41
   78    52    52
   79    44    44
   80    41    41
   81    48    48
   82     9     9
   83    67    67
   84    83    83
   85    23    23
   86    71    71
   87    83    83
   88   100   100
   89    52    52
   90    32    32
   91    92    92
   92    24    24
   93     7     7
   94    14    14
   95     3     3
   96    54    54
   97    88    88
   98    62    62
   99    17    17
  100    67    67
  101    20    20
  102    56    56
  103    89    89
  104    12    12
  105    70    70
  106   100   100
  107    49    49
  108    14    14
  109    90    90
  110    41    41
  111    85    85
  112    23    23
  113    94    94
  114    16    16
  115    52    52
  116    13    13
  117    13    13
  118    29    29
  119    15    15
  120    60    60
  121    90    90
  122    41    41
  123    88    88
  124    71    71
  125    45    45
  126    43    43
  127    52    52
  128    31    31
  129    57    57
  130    12    12
  131     1     1
  132    86    86
  133    26    26
  134    62    62
  135    76    76
  136    19    19
  137    49    49
  138    94    94
  139    67    67
  140    15    15
  141    87    87
  142    46    46
  143    59    59
  144    60    60
  145    95    95
  146    30    30
  147    28    28
  148    71    71
  149    13    13
  150    28    28
  151    42    42
  152    27    27
  153    88    88
  154     7     7
  155    16    16
  156    10    10
  157    70    70
  158    65    65
  159    60    60
  160    53    53
  161    27    27
  162    12    12
  163     3     3
  164    51    51
  165    52    52
  166    95    95
  167    91    91
  168    83    83
  169    99    99
  170    82    82
  171    63    63
  172    30    30
  173    17    17
  174    39    39
  175    49    49
  176    16    16
  177    91    91
  178     9     9
  179   100   100
  180    76    76
  181    82    82
  182    67    67
  183    46    46
  184    63    63
  185    62    62
  186    43    43
  187    49    49
  188    66    66
  189     5     5
  190    41    41
  191    82    82
  192    92    92
  193    74    74
  194    38    38
  195    54    54
  196    29    29
  197     5     5
  198    86    86
  199    61    61
  200    38    38
  201    94    94
  202    86    86
  203    25    25
  204    59    59
  205    79    79
  206    48    48
  207    61    61
  208    51    51
  209    38    38
  210    44    44
  211    75    75
  212    72    72
  213    68    68
  214    63    63
  215    48    48
  216    70    70
  217    28    28
  218    59    59
  219    98    98
  220    86    86
  221    12    12
  222    79    79
  223    36    36
  224    51    51
  225    42    42
  226    43    43
  227    90    90
  228    81    81
  229     2     2
  230    67    67
  231    32    32
  232    26    26
  233     8     8
  234    96    96
  235    54    54
  236    98    98
  237    70    70
  238     3     3
  239    78    78
  240    52    52
  241    29    29
  242    31    31
  243     2     2
  244    16    16
  245    13    13
  246    43    43
  247    32    32
  248    16    16
  249    54    54
  250    77    77
  251    64    64
  252    86    86
  253    53    53
  254    66    66
  255    53    53
  256    43    43
  257    36    36
  258    25    25
  259    24    24
  260    38    38
  261    79    79
  262     4     4
  263    66    66
  264    84    84
  265    20    20
  266    41    41
  267    97    97
  268    44    44
  269    90    90
  270    19    19
  271    51    51
  272     5     5
  273    66    66
  274    22    22
  275    92    92
  276    35    35
  277    79    79
  278     4     4
  279    73    73
  280    55    55
  281    76    76
  282    79    79
  283    70    70
  284    98    98
  285    56    56
  286    95    95
  287    36    36
  288    53    53
  289    42    42
  290    53    53
  291    27    27
  292    20    20
  293    59    59
  294    14    14
  295    92    92
  296    88    88
  297    38    38
  298    54    54
  299    23    23
  300    48    48
  301    98    98
  302    18    18
  303    54    54
  304    76    76
  305     3     3
  306     5     5
  307    41    41
  308    97    97
  309    71    71
  310    82    82
  311    77    77
  312    49    49
  313    79    79
  314    67    67
  315    16    16
  316    90    90
  317    71    71
  318    69    69
  319    90    90
  320    58    58
  321    74    74
  322    64    64
  323    96    96
  324    83    83
  325    91    91
  326     7     7
  327    11    11
  328    54    54
  329    98    98
  330    22    22
  331    63    63
  332    62    62
  333     4     4
  334    72    72
  335    65    65
  336    97    97
  337     7     7
  338    47    47
  339    38    38
  340    34    34
  341    68    68
  342    64    64
  343    31    31
  344    79    79
  345    34    34
  346    47    47
  347    95    95
  348     7     7
  349    80    80
  350    56    56
  351    60    60
  352    85    85
  353    51    51
  354    56    56
  355    98    98
  356    63    63
  357    19    19
  358    19    19
  359    73    73
  360    26    26
  361    32    32
  362     4     4
  363    10    10
  364     7     7
  365    85    85
  366    74    74
  367    33    33
  368    22    22
  369    10    10
  370    86    86
  371    14    14
  372    71    71
  373    79    79
  374    22    22
  375    90    90
  376    53    53
  377    85    85
  378     1     1
  379    90    90
  380    12    12
  381    11    11
  382    10    10
  383    76    76
  384     5     5
  385    73    73
  386    83    83
  387     5     5
  388    65    65
  389    26    26
  390    41    41
  391    75    75
  392    19    19
  393    57    57
  394    22    22
  395    39    39
  396    25    25
  397     8     8
  398    20    20
  399    14    14
  400    13    13
  401    84    84
  402    69    69
  403    42    42
  404    35    35
  405    48    48
  406    73    73
  407    12    12
  408    19    19
  409    64    64
  410    79    79
  411     6     6
  412    14    14
  413    89    89
  414    96    96
  415    27    27
  416    89    89
  417    52    52
  418    11    11
  419    86    86
  420    16    16
  421    33    33
  422    50    50
  423    73    73
  424    78    78
  425    36    36
  426    10    10
  427    10    10
  428    58    58
  429    71    71
  430    85    85
  431    32    32
  432    20    20
  433    89    89
  434     8     8
  435    57    57
  436    46    46
  437    14    14
  438    85    85
  439    99    99
  440    64    64
  441    43    43
  442    43    43
  443    42    42
  444    40    40
  445    58    58
  446    41    41
  447    89    89
  448    38    38
  449    49    49
  450    46    46
  451    93    93
  452    37    37
  453    40    40
  454     5     5
  455    70    70
  456    51    51
  457    60    60
  458    50    50
  459    72    72
  460     6     6
  461    42    42
  462    41    41
  463    67    67
  464    64    64
  465    54    54
  466    15    15
  467    47    47
  468    45    45
  469    38    38
  470    97    97
  471    93    93
  472     2     2
  473    14    14
  474    76    76
  475    74    74
  476    42    42
  477    14    14
  478    27    27
  479    14    14
  480    28    28
  481    26    26
  482    18    18
  483    28    28
  484    86    86
  485    30    30
  486    75    75
  487    32    32
  488    57    57
  489    59    59
  490    73    73
  491    92    92
  492    99    99
  493    35    35
  494    49    49
  495    75    75
  496    96    96
  497    33    33
  498    62    62
  499    17    17
  500    43    43
2518
