200
    1    89    89
    2    83    83
    3     1     1
    4    36    36
    5    39    39
    6    53    53
    7    76    76
    8     9     9
    9    41    41
   10    15    15
   11    27    27
   12    26    26
   13    62    62
   14     3     3
   15    97    97
   16    45    45
   17    38    38
   18    24    24
   19    51    51
   20    72    72
   21    45    45
   22    56    56
   23     8     8
   24     8     8
   25    21    21
   26    96    96
   27    77    77
   28    91    91
   29    90    90
   30    72    72
   31    54    54
   32    93    93
   33    86    86
   34    83    83
   35    21    21
   36    39    39
   37    54    54
   38    72    72
   39    91    91
   40    31    31
   41    90    90
   42    23    23
   43    49    49
   44    40    40
   45    77    77
   46    41    41
   47    48    48
   48    93    93
   49     6     6
   50    94    94
   51    77    77
   52    32    32
   53    39    39
   54     5     5
   55    29    29
   56    45    45
   57    39    39
   58    87    87
   59    60    60
   60     6     6
   61    67    67
   62    54    54
   63    93    93
   64    45    45
   65    17    17
   66    69    69
   67    10    10
   68    32    32
   69    21    21
   70     1     1
   71     6     6
   72    86    86
   73     1     1
   74    78    78
   75    98    98
   76    32    32
   77    41    41
   78    52    52
   79    44    44
   80    41    41
   81    48    48
   82     9     9
   83    67    67
   84    83    83
   85    23    23
   86    71    71
   87    83    83
   88   100   100
   89    52    52
   90    32    32
   91    92    92
   92    24    24
   93     7     7
   94    14    14
   95     3     3
   96    54    54
   97    88    88
   98    62    62
   99    17    17
  100    67    67
  101    20    20
  102    56    56
  103    89    89
  104    12    12
  105    70    70
  106   100   100
  107    49    49
  108    14    14
  109    90    90
  110    41    41
  111    85    85
  112    23    23
  113    94    94
  114    16    16
  115    52    52
  116    13    13
  117    13    13
  118    29    29
  119    15    15
  120    60    60
  121    90    90
  122    41    41
  123    88    88
  124    71    71
  125    45    45
  126    43    43
  127    52    52
  128    31    31
  129    57    57
  130    12    12
  131     1     1
  132    86    86
  133    26    26
  134    62    62
  135    76    76
  136    19    19
  137    49    49
  138    94    94
  139    67    67
  140    15    15
  141    87    87
  142    46    46
  143    59    59
  144    60    60
  145    95    95
  146    30    30
  147    28    28
  148    71    71
  149    13    13
  150    28    28
  151    42    42
  152    27    27
  153    88    88
  154     7     7
  155    16    16
  156    10    10
  157    70    70
  158    65    65
  159    60    60
  160    53    53
  161    27    27
  162    12    12
  163     3     3
  164    51    51
  165    52    52
  166    95    95
  167    91    91
  168    83    83
  169    99    99
  170    82    82
  171    63    63
  172    30    30
  173    17    17
  174    39    39
  175    49    49
  176    16    16
  177    91    91
  178     9     9
  179   100   100
  180    76    76
  181    82    82
  182    67    67
  183    46    46
  184    63    63
  185    62    62
  186    43    43
  187    49    49
  188    66    66
  189     5     5
  190    41    41
  191    82    82
  192    92    92
  193    74    74
  194    38    38
  195    54    54
  196    29    29
  197     5     5
  198    86    86
  199    61    61
  200    38    38
1001
