500
    1    99    89
    2    93    83
    3    11     1
    4    46    36
    5    49    39
    6    63    53
    7    86    76
    8    19     9
    9    51    41
   10    25    15
   11    37    27
   12    36    26
   13    72    62
   14    13     3
   15   107    97
   16    55    45
   17    48    38
   18    34    24
   19    61    51
   20    82    72
   21    55    45
   22    66    56
   23    18     8
   24    18     8
   25    31    21
   26   106    96
   27    87    77
   28   101    91
   29   100    90
   30    82    72
   31    64    54
   32   103    93
   33    96    86
   34    93    83
   35    31    21
   36    49    39
   37    64    54
   38    82    72
   39   101    91
   40    41    31
   41   100    90
   42    33    23
   43    59    49
   44    50    40
   45    87    77
   46    51    41
   47    58    48
   48   103    93
   49    16     6
   50   104    94
   51    87    77
   52    42    32
   53    49    39
   54    15     5
   55    39    29
   56    55    45
   57    49    39
   58    97    87
   59    70    60
   60    16     6
   61    77    67
   62    64    54
   63   103    93
   64    55    45
   65    27    17
   66    79    69
   67    20    10
   68    42    32
   69    31    21
   70    11     1
   71    16     6
   72    96    86
   73    11     1
   74    88    78
   75   108    98
   76    42    32
   77    51    41
   78    62    52
   79    54    44
   80    51    41
   81    58    48
   82    19     9
   83    77    67
   84    93    83
   85    33    23
   86    81    71
   87    93    83
   88   110   100
   89    62    52
   90    42    32
   91   102    92
   92    34    24
   93    17     7
   94    24    14
   95    13     3
   96    64    54
   97    98    88
   98    72    62
   99    27    17
  100    77    67
  101    30    20
  102    66    56
  103    99    89
  104    22    12
  105    80    70
  106   110   100
  107    59    49
  108    24    14
  109   100    90
  110    51    41
  111    95    85
  112    33    23
  113   104    94
  114    26    16
  115    62    52
  116    23    13
  117    23    13
  118    39    29
  119    25    15
  120    70    60
  121   100    90
  122    51    41
  123    98    88
  124    81    71
  125    55    45
  126    53    43
  127    62    52
  128    41    31
  129    67    57
  130    22    12
  131    11     1
  132    96    86
  133    36    26
  134    72    62
  135    86    76
  136    29    19
  137    59    49
  138   104    94
  139    77    67
  140    25    15
  141    97    87
  142    56    46
  143    69    59
  144    70    60
  145   105    95
  146    40    30
  147    38    28
  148    81    71
  149    23    13
  150    38    28
  151    52    42
  152    37    27
  153    98    88
  154    17     7
  155    26    16
  156    20    10
  157    80    70
  158    75    65
  159    70    60
  160    63    53
  161    37    27
  162    22    12
  163    13     3
  164    61    51
  165    62    52
  166   105    95
  167   101    91
  168    93    83
  169   109    99
  170    92    82
  171    73    63
  172    40    30
  173    27    17
  174    49    39
  175    59    49
  176    26    16
  177   101    91
  178    19     9
  179   110   100
  180    86    76
  181    92    82
  182    77    67
  183    56    46
  184    73    63
  185    72    62
  186    53    43
  187    59    49
  188    76    66
  189    15     5
  190    51    41
  191    92    82
  192   102    92
  193    84    74
  194    48    38
  195    64    54
  196    39    29
  197    15     5
  198    96    86
  199    71    61
  200    48    38
  201   104    94
  202    96    86
  203    35    25
  204    69    59
  205    89    79
  206    58    48
  207    71    61
  208    61    51
  209    48    38
  210    54    44
  211    85    75
  212    82    72
  213    78    68
  214    73    63
  215    58    48
  216    80    70
  217    38    28
  218    69    59
  219   108    98
  220    96    86
  221    22    12
  222    89    79
  223    46    36
  224    61    51
  225    52    42
  226    53    43
  227   100    90
  228    91    81
  229    12     2
  230    77    67
  231    42    32
  232    36    26
  233    18     8
  234   106    96
  235    64    54
  236   108    98
  237    80    70
  238    13     3
  239    88    78
  240    62    52
  241    39    29
  242    41    31
  243    12     2
  244    26    16
  245    23    13
  246    53    43
  247    42    32
  248    26    16
  249    64    54
  250    87    77
  251    74    64
  252    96    86
  253    63    53
  254    76    66
  255    63    53
  256    53    43
  257    46    36
  258    35    25
  259    34    24
  260    48    38
  261    89    79
  262    14     4
  263    76    66
  264    94    84
  265    30    20
  266    51    41
  267   107    97
  268    54    44
  269   100    90
  270    29    19
  271    61    51
  272    15     5
  273    76    66
  274    32    22
  275   102    92
  276    45    35
  277    89    79
  278    14     4
  279    83    73
  280    65    55
  281    86    76
  282    89    79
  283    80    70
  284   108    98
  285    66    56
  286   105    95
  287    46    36
  288    63    53
  289    52    42
  290    63    53
  291    37    27
  292    30    20
  293    69    59
  294    24    14
  295   102    92
  296    98    88
  297    48    38
  298    64    54
  299    33    23
  300    58    48
  301   108    98
  302    28    18
  303    64    54
  304    86    76
  305    13     3
  306    15     5
  307    51    41
  308   107    97
  309    81    71
  310    92    82
  311    87    77
  312    59    49
  313    89    79
  314    77    67
  315    26    16
  316   100    90
  317    81    71
  318    79    69
  319   100    90
  320    68    58
  321    84    74
  322    74    64
  323   106    96
  324    93    83
  325   101    91
  326    17     7
  327    21    11
  328    64    54
  329   108    98
  330    32    22
  331    73    63
  332    72    62
  333    14     4
  334    82    72
  335    75    65
  336   107    97
  337    17     7
  338    57    47
  339    48    38
  340    44    34
  341    78    68
  342    74    64
  343    41    31
  344    89    79
  345    44    34
  346    57    47
  347   105    95
  348    17     7
  349    90    80
  350    66    56
  351    70    60
  352    95    85
  353    61    51
  354    66    56
  355   108    98
  356    73    63
  357    29    19
  358    29    19
  359    83    73
  360    36    26
  361    42    32
  362    14     4
  363    20    10
  364    17     7
  365    95    85
  366    84    74
  367    43    33
  368    32    22
  369    20    10
  370    96    86
  371    24    14
  372    81    71
  373    89    79
  374    32    22
  375   100    90
  376    63    53
  377    95    85
  378    11     1
  379   100    90
  380    22    12
  381    21    11
  382    20    10
  383    86    76
  384    15     5
  385    83    73
  386    93    83
  387    15     5
  388    75    65
  389    36    26
  390    51    41
  391    85    75
  392    29    19
  393    67    57
  394    32    22
  395    49    39
  396    35    25
  397    18     8
  398    30    20
  399    24    14
  400    23    13
  401    94    84
  402    79    69
  403    52    42
  404    45    35
  405    58    48
  406    83    73
  407    22    12
  408    29    19
  409    74    64
  410    89    79
  411    16     6
  412    24    14
  413    99    89
  414   106    96
  415    37    27
  416    99    89
  417    62    52
  418    21    11
  419    96    86
  420    26    16
  421    43    33
  422    60    50
  423    83    73
  424    88    78
  425    46    36
  426    20    10
  427    20    10
  428    68    58
  429    81    71
  430    95    85
  431    42    32
  432    30    20
  433    99    89
  434    18     8
  435    67    57
  436    56    46
  437    24    14
  438    95    85
  439   109    99
  440    74    64
  441    53    43
  442    53    43
  443    52    42
  444    50    40
  445    68    58
  446    51    41
  447    99    89
  448    48    38
  449    59    49
  450    56    46
  451   103    93
  452    47    37
  453    50    40
  454    15     5
  455    80    70
  456    61    51
  457    70    60
  458    60    50
  459    82    72
  460    16     6
  461    52    42
  462    51    41
  463    77    67
  464    74    64
  465    64    54
  466    25    15
  467    57    47
  468    55    45
  469    48    38
  470   107    97
  471   103    93
  472    12     2
  473    24    14
  474    86    76
  475    84    74
  476    52    42
  477    24    14
  478    37    27
  479    24    14
  480    38    28
  481    36    26
  482    28    18
  483    38    28
  484    96    86
  485    40    30
  486    85    75
  487    42    32
  488    67    57
  489    69    59
  490    83    73
  491   102    92
  492   109    99
  493    45    35
  494    59    49
  495    85    75
  496   106    96
  497    43    33
  498    72    62
  499    27    17
  500    53    43
2518
