500
    1    83    89
    2    36     1
    3    53    39
    4     9    76
    5    15    41
    6    26    27
    7     3    62
    8    45    97
    9    24    38
   10    72    51
   11    56    45
   12     8     8
   13    96    21
   14    91    77
   15    72    90
   16    93    54
   17    83    86
   18    39    21
   19    72    54
   20    31    91
   21    23    90
   22    40    49
   23    41    77
   24    93    48
   25    94     6
   26    32    77
   27     5    39
   28    45    29
   29    87    39
   30     6    60
   31    54    67
   32    45    93
   33    69    17
   34    32    10
   35     1    21
   36    86     6
   37    78     1
   38    32    98
   39    52    41
   40    41    44
   41     9    48
   42    83    67
   43    71    23
   44   100    83
   45    32    52
   46    24    92
   47    14     7
   48    54     3
   49    62    88
   50    67    17
   51    56    20
   52    12    89
   53   100    70
   54    14    49
   55    41    90
   56    23    85
   57    16    94
   58    13    52
   59    29    13
   60    60    15
   61    41    90
   62    71    88
   63    43    45
   64    31    52
   65    12    57
   66    86     1
   67    62    26
   68    19    76
   69    94    49
   70    15    67
   71    46    87
   72    60    59
   73    30    95
   74    71    28
   75    28    13
   76    27    42
   77     7    88
   78    10    16
   79    65    70
   80    53    60
   81    12    27
   82    51     3
   83    95    52
   84    83    91
   85    82    99
   86    30    63
   87    39    17
   88    16    49
   89     9    91
   90    76   100
   91    67    82
   92    63    46
   93    43    62
   94    66    49
   95    41     5
   96    92    82
   97    38    74
   98    29    54
   99    86     5
  100    38    61
  101    86    94
  102    59    25
  103    48    79
  104    51    61
  105    44    38
  106    72    75
  107    63    68
  108    70    48
  109    59    28
  110    86    98
  111    79    12
  112    51    36
  113    43    42
  114    81    90
  115    67     2
  116    26    32
  117    96     8
  118    98    54
  119     3    70
  120    52    78
  121    31    29
  122    16     2
  123    43    13
  124    16    32
  125    77    54
  126    86    64
  127    66    53
  128    43    53
  129    25    36
  130    38    24
  131     4    79
  132    84    66
  133    41    20
  134    44    97
  135    19    90
  136     5    51
  137    22    66
  138    35    92
  139     4    79
  140    55    73
  141    79    76
  142    98    70
  143    95    56
  144    53    36
  145    53    42
  146    20    27
  147    14    59
  148    88    92
  149    54    38
  150    48    23
  151    18    98
  152    76    54
  153     5     3
  154    97    41
  155    82    71
  156    49    77
  157    67    79
  158    90    16
  159    69    71
  160    58    90
  161    64    74
  162    83    96
  163     7    91
  164    54    11
  165    22    98
  166    62    63
  167    72     4
  168    97    65
  169    47     7
  170    34    38
  171    64    68
  172    79    31
  173    47    34
  174     7    95
  175    56    80
  176    85    60
  177    56    51
  178    63    98
  179    19    19
  180    26    73
  181     4    32
  182     7    10
  183    74    85
  184    22    33
  185    86    10
  186    71    14
  187    22    79
  188    53    90
  189     1    85
  190    12    90
  191    10    11
  192     5    76
  193    83    73
  194    65     5
  195    41    26
  196    19    75
  197    22    57
  198    25    39
  199    20     8
  200    13    14
  201    69    84
  202    35    42
  203    73    48
  204    19    12
  205    79    64
  206    14     6
  207    96    89
  208    89    27
  209    11    52
  210    16    86
  211    50    33
  212    78    73
  213    10    36
  214    58    10
  215    85    71
  216    20    32
  217     8    89
  218    46    57
  219    85    14
  220    64    99
  221    43    43
  222    40    42
  223    41    58
  224    38    89
  225    46    49
  226    37    93
  227     5    40
  228    51    70
  229    50    60
  230     6    72
  231    41    42
  232    64    67
  233    15    54
  234    45    47
  235    97    38
  236     2    93
  237    76    14
  238    42    74
  239    27    14
  240    28    14
  241    18    26
  242    86    28
  243    75    30
  244    57    32
  245    73    59
  246    99    92
  247    49    35
  248    96    75
  249    62    33
  250    43    17
  251    21     8
  252    43    88
  253    37    62
  254     8    39
  255    14    44
  256    74    86
  257    89    93
  258    41    85
  259    16    44
  260    10    98
  261    22    60
  262    31    58
  263    61    60
  264    91    24
  265    26    44
  266    88    43
  267    39    99
  268    12    89
  269    96     6
  270    42    36
  271    55    53
  272    10    92
  273    73    65
  274    26    64
  275    31    78
  276    36    83
  277    95    56
  278    30    99
  279     4    34
  280    52     9
  281    89    18
  282    28    71
  283   100    12
  284    32    40
  285    44    97
  286    61    22
  287    41    92
  288     2    62
  289     4    98
  290    83    24
  291    88    19
  292    96     1
  293     7     1
  294    42     3
  295    91     4
  296    96     8
  297    96     3
  298    36    23
  299    38    27
  300    32    89
  301    41    77
  302   100    16
  303    41    95
  304    59    50
  305    97    28
  306    50    65
  307     8    20
  308     6    82
  309    74    17
  310    73    96
  311     1    67
  312    47    31
  313    11    71
  314    51    67
  315    25    19
  316     5    95
  317    10    38
  318     8    70
  319    19     3
  320    32    10
  321    95    75
  322    82    32
  323    70    29
  324    61    43
  325     4    38
  326    14     4
  327    83    87
  328    88    32
  329    26    71
  330    17    98
  331    92    57
  332    25    44
  333    89    50
  334    63    89
  335    90    95
  336    67     4
  337     8    88
  338    64     4
  339    39    81
  340    99    57
  341    80    58
  342    49    87
  343    32    79
  344    37    69
  345    14    37
  346    54    56
  347     8    53
  348    44    23
  349    37    94
  350    63    84
  351    18    69
  352    90    53
  353    83    97
  354    70     5
  355    51    93
  356    86    94
  357     4    72
  358    39    12
  359    97   100
  360    84    55
  361    97     7
  362     7    82
  363    40    42
  364    92    59
  365    10    51
  366    72    40
  367    40    66
  368    46    33
  369    24    60
  370    90    12
  371    69    17
  372    71    91
  373    51    57
  374    23    83
  375    97    57
  376    94    34
  377    52    28
  378    31    23
  379    57    25
  380    31    54
  381    32     4
  382    84    72
  383    84    45
  384    79    32
  385    99    92
  386    23    64
  387    70    40
  388    73    75
  389    53     3
  390    21    21
  391    81    72
  392    15    22
  393    40    28
  394    23    19
  395    99    77
  396    86    26
  397    83    97
  398    13    81
  399    73    23
  400    49    34
  401    19    29
  402    86    26
  403    21    47
  404    94    36
  405    66     3
  406    93     5
  407    89    63
  408    74    87
  409    99    39
  410    65    91
  411    77    88
  412    37    20
  413    87     2
  414    78    10
  415     4    84
  416     3    63
  417    46    56
  418    22    65
  419    51    97
  420    44    77
  421    82    70
  422    36    96
  423    59    38
  424    64     1
  425    86    61
  426    83    10
  427    71    47
  428    56    25
  429    72    95
  430    31    95
  431    32    64
  432    42    75
  433    43    91
  434    91    66
  435    75    84
  436    12    70
  437    81    11
  438    13    29
  439    90    95
  440    97    60
  441    34    47
  442    56    21
  443    26    69
  444    38    23
  445    18    96
  446    69    13
  447    22    26
  448    14    90
  449    42    40
  450    73    72
  451    37    74
  452    98    18
  453    39    42
  454    52    12
  455    40    35
  456     5    43
  457    21    68
  458    37    47
  459    62    80
  460    60    35
  461    29    54
  462    47    31
  463     5    30
  464    15    63
  465    99    13
  466    61     3
  467    23    83
  468    69    87
  469    29     7
  470    26    50
  471    37     1
  472   100    40
  473     9    99
  474    41    93
  475    42    61
  476    86    92
  477    57    12
  478    25     5
  479    94    62
  480    93    36
  481    34    72
  482    42    56
  483    43    76
  484    51    99
  485    61    86
  486    14    94
  487    79    47
  488    97     1
  489    48     6
  490    36    30
  491    18    28
  492    52    76
  493    91     6
  494     4    68
  495    20    56
  496    71    87
  497     3     4
  498    52    78
  499    73     1
  500    34    19
2583
