100
    1    83    89
    2    36     1
    3    53    39
    4     9    76
    5    15    41
    6    26    27
    7     3    62
    8    45    97
    9    24    38
   10    72    51
   11    56    45
   12     8     8
   13    96    21
   14    91    77
   15    72    90
   16    93    54
   17    83    86
   18    39    21
   19    72    54
   20    31    91
   21    23    90
   22    40    49
   23    41    77
   24    93    48
   25    94     6
   26    32    77
   27     5    39
   28    45    29
   29    87    39
   30     6    60
   31    54    67
   32    45    93
   33    69    17
   34    32    10
   35     1    21
   36    86     6
   37    78     1
   38    32    98
   39    52    41
   40    41    44
   41     9    48
   42    83    67
   43    71    23
   44   100    83
   45    32    52
   46    24    92
   47    14     7
   48    54     3
   49    62    88
   50    67    17
   51    56    20
   52    12    89
   53   100    70
   54    14    49
   55    41    90
   56    23    85
   57    16    94
   58    13    52
   59    29    13
   60    60    15
   61    41    90
   62    71    88
   63    43    45
   64    31    52
   65    12    57
   66    86     1
   67    62    26
   68    19    76
   69    94    49
   70    15    67
   71    46    87
   72    60    59
   73    30    95
   74    71    28
   75    28    13
   76    27    42
   77     7    88
   78    10    16
   79    65    70
   80    53    60
   81    12    27
   82    51     3
   83    95    52
   84    83    91
   85    82    99
   86    30    63
   87    39    17
   88    16    49
   89     9    91
   90    76   100
   91    67    82
   92    63    46
   93    43    62
   94    66    49
   95    41     5
   96    92    82
   97    38    74
   98    29    54
   99    86     5
  100    38    61
525
