200
    1    82    89
    2     4     1
    3    33    39
    4    67    76
    5    42    41
    6    28    27
    7    61    62
    8   107    97
    9    36    38
   10    59    51
   11    43    45
   12     1     8
   13    14    21
   14    79    77
   15    96    90
   16    51    54
   17    78    86
   18    21    21
   19    63    54
   20    90    91
   21    90    90
   22    41    49
   23    68    77
   24    42    48
   25     1     6
   26    75    77
   27    48    39
   28    33    29
   29    38    39
   30    50    60
   31    61    67
   32   103    93
   33    12    17
   34    18    10
   35    21    21
   36     1     6
   37     1     1
   38   108    98
   39    46    41
   40    52    44
   41    56    48
   42    76    67
   43    17    23
   44    73    83
   45    53    52
   46    86    92
   47     3     7
   48    11     3
   49    90    88
   50    19    17
   51    20    20
   52    99    89
   53    74    70
   54    49    49
   55    92    90
   56    76    85
   57    89    94
   58    56    52
   59    12    13
   60    19    15
   61    81    90
   62    84    88
   63    52    45
   64    61    52
   65    47    57
   66     1     1
   67    35    26
   68    74    76
   69    58    49
   70    66    67
   71    95    87
   72    58    59
   73    98    95
   74    37    28
   75     9    13
   76    44    42
   77    83    88
   78     6    16
   79    69    70
   80    52    60
   81    36    27
   82     7     3
   83    45    52
   84    83    91
   85    93    99
   86    58    63
   87    27    17
   88    50    49
   89    82    91
   90    91   100
   91    76    82
   92    46    46
   93    68    62
   94    57    49
   95     7     5
   96    73    82
   97    80    74
   98    54    54
   99     1     5
  100    71    61
  101    85    94
  102    33    25
  103    88    79
  104    65    61
  105    38    38
  106    70    75
  107    72    68
  108    53    48
  109    18    28
  110   107    98
  111     5    12
  112    38    36
  113    49    42
  114    83    90
  115    11     2
  116    31    32
  117    13     8
  118    62    54
  119    78    70
  120    82    78
  121    31    29
  122     8     2
  123    16    13
  124    29    32
  125    50    54
  126    57    64
  127    62    53
  128    60    53
  129    31    36
  130    25    24
  131    85    79
  132    57    66
  133    22    20
  134    99    97
  135    84    90
  136    50    51
  137    69    66
  138    87    92
  139    86    79
  140    64    73
  141    77    76
  142    64    70
  143    61    56
  144    44    36
  145    45    42
  146    28    27
  147    64    59
  148    95    92
  149    28    38
  150    27    23
  151    88    98
  152    51    54
  153     1     3
  154    33    41
  155    76    71
  156    84    77
  157    81    79
  158    22    16
  159    68    71
  160    96    90
  161    79    74
  162    88    96
  163    91    91
  164    14    11
  165   100    98
  166    55    63
  167     3     4
  168    69    65
  169    10     7
  170    39    38
  171    64    68
  172    39    31
  173    44    34
  174   103    95
  175    74    80
  176    62    60
  177    44    51
  178    91    98
  179    18    19
  180    69    73
  181    40    32
  182    10    10
  183    90    85
  184    39    33
  185     7    10
  186    19    14
  187    76    79
  188    83    90
  189    85    85
  190    88    90
  191    16    11
  192    68    76
  193    79    73
  194     1     5
  195    32    26
  196    73    75
  197    50    57
  198    37    39
  199    16     8
  200    16    14
1054
