1000
    1    82    89
    2     4     1
    3    33    39
    4    67    76
    5    42    41
    6    28    27
    7    61    62
    8   107    97
    9    36    38
   10    59    51
   11    43    45
   12     1     8
   13    14    21
   14    79    77
   15    96    90
   16    51    54
   17    78    86
   18    21    21
   19    63    54
   20    90    91
   21    90    90
   22    41    49
   23    68    77
   24    42    48
   25     1     6
   26    75    77
   27    48    39
   28    33    29
   29    38    39
   30    50    60
   31    61    67
   32   103    93
   33    12    17
   34    18    10
   35    21    21
   36     1     6
   37     1     1
   38   108    98
   39    46    41
   40    52    44
   41    56    48
   42    76    67
   43    17    23
   44    73    83
   45    53    52
   46    86    92
   47     3     7
   48    11     3
   49    90    88
   50    19    17
   51    20    20
   52    99    89
   53    74    70
   54    49    49
   55    92    90
   56    76    85
   57    89    94
   58    56    52
   59    12    13
   60    19    15
   61    81    90
   62    84    88
   63    52    45
   64    61    52
   65    47    57
   66     1     1
   67    35    26
   68    74    76
   69    58    49
   70    66    67
   71    95    87
   72    58    59
   73    98    95
   74    37    28
   75     9    13
   76    44    42
   77    83    88
   78     6    16
   79    69    70
   80    52    60
   81    36    27
   82     7     3
   83    45    52
   84    83    91
   85    93    99
   86    58    63
   87    27    17
   88    50    49
   89    82    91
   90    91   100
   91    76    82
   92    46    46
   93    68    62
   94    57    49
   95     7     5
   96    73    82
   97    80    74
   98    54    54
   99     1     5
  100    71    61
  101    85    94
  102    33    25
  103    88    79
  104    65    61
  105    38    38
  106    70    75
  107    72    68
  108    53    48
  109    18    28
  110   107    98
  111     5    12
  112    38    36
  113    49    42
  114    83    90
  115    11     2
  116    31    32
  117    13     8
  118    62    54
  119    78    70
  120    82    78
  121    31    29
  122     8     2
  123    16    13
  124    29    32
  125    50    54
  126    57    64
  127    62    53
  128    60    53
  129    31    36
  130    25    24
  131    85    79
  132    57    66
  133    22    20
  134    99    97
  135    84    90
  136    50    51
  137    69    66
  138    87    92
  139    86    79
  140    64    73
  141    77    76
  142    64    70
  143    61    56
  144    44    36
  145    45    42
  146    28    27
  147    64    59
  148    95    92
  149    28    38
  150    27    23
  151    88    98
  152    51    54
  153     1     3
  154    33    41
  155    76    71
  156    84    77
  157    81    79
  158    22    16
  159    68    71
  160    96    90
  161    79    74
  162    88    96
  163    91    91
  164    14    11
  165   100    98
  166    55    63
  167     3     4
  168    69    65
  169    10     7
  170    39    38
  171    64    68
  172    39    31
  173    44    34
  174   103    95
  175    74    80
  176    62    60
  177    44    51
  178    91    98
  179    18    19
  180    69    73
  181    40    32
  182    10    10
  183    90    85
  184    39    33
  185     7    10
  186    19    14
  187    76    79
  188    83    90
  189    85    85
  190    88    90
  191    16    11
  192    68    76
  193    79    73
  194     1     5
  195    32    26
  196    73    75
  197    50    57
  198    37    39
  199    16     8
  200    16    14
  201    80    84
  202    37    42
  203    41    48
  204     4    12
  205    62    64
  206     2     6
  207    80    89
  208    29    27
  209    45    52
  210    96    86
  211    25    33
  212    79    73
  213    45    36
  214     2    10
  215    65    71
  216    37    32
  217    96    89
  218    52    57
  219     8    14
  220   105    99
  221    48    43
  222    33    42
  223    64    58
  224    86    89
  225    47    49
  226   100    93
  227    36    40
  228    62    70
  229    68    60
  230    76    72
  231    48    42
  232    61    67
  233    55    54
  234    48    47
  235    29    38
  236    84    93
  237    16    14
  238    80    74
  239     8    14
  240    13    14
  241    19    26
  242    19    28
  243    38    30
  244    41    32
  245    69    59
  246    94    92
  247    42    35
  248    78    75
  249    40    33
  250    10    17
  251     7     8
  252    93    88
  253    58    62
  254    39    39
  255    46    44
  256    96    86
  257   103    93
  258    85    85
  259    42    44
  260    90    98
  261    64    60
  262    67    58
  263    54    60
  264    27    24
  265    35    44
  266    38    43
  267   103    99
  268    96    89
  269     1     6
  270    33    36
  271    46    53
  272    85    92
  273    64    65
  274    56    64
  275    88    78
  276    85    83
  277    66    56
  278   106    99
  279    43    34
  280    18     9
  281    27    18
  282    71    71
  283    21    12
  284    42    40
  285    98    97
  286    29    22
  287    85    92
  288    56    62
  289    88    98
  290    34    24
  291    10    19
  292     1     1
  293     1     1
  294     1     3
  295     1     4
  296     1     8
  297     1     3
  298    27    23
  299    21    27
  300    81    89
  301    77    77
  302    23    16
  303    86    95
  304    53    50
  305    22    28
  306    75    65
  307    23    20
  308    76    82
  309     7    17
  310    90    96
  311    73    67
  312    41    31
  313    68    71
  314    57    67
  315    12    19
  316   100    95
  317    42    38
  318    66    70
  319     1     3
  320     1    10
  321    73    75
  322    27    32
  323    33    29
  324    49    43
  325    28    38
  326     7     4
  327    89    87
  328    33    32
  329    79    71
  330    99    98
  331    64    57
  332    54    44
  333    57    50
  334    81    89
  335    99    95
  336    12     4
  337    91    88
  338    10     4
  339    87    81
  340    51    57
  341    59    58
  342    86    87
  343    72    79
  344    75    69
  345    47    37
  346    56    56
  347    60    53
  348    15    23
  349    85    94
  350    78    84
  351    61    69
  352    54    53
  353    94    97
  354     7     5
  355    86    93
  356   103    94
  357    63    72
  358     9    12
  359    91   100
  360    45    55
  361     8     7
  362    81    82
  363    32    42
  364    54    59
  365    47    51
  366    37    40
  367    66    66
  368    28    33
  369    64    60
  370     3    12
  371    17    17
  372    95    91
  373    50    57
  374    92    83
  375    67    57
  376    42    34
  377    23    28
  378    15    23
  379    21    25
  380    62    54
  381     1     4
  382    82    72
  383    44    45
  384    40    32
  385    99    92
  386    73    64
  387    30    40
  388    73    75
  389     8     3
  390    22    21
  391    81    72
  392    18    22
  393    31    28
  394    20    19
  395    82    77
  396    25    26
  397   106    97
  398    78    81
  399    29    23
  400    26    34
  401    26    29
  402    21    26
  403    56    47
  404    43    36
  405     1     3
  406     3     5
  407    60    63
  408    86    87
  409    42    39
  410    95    91
  411    96    88
  412    26    20
  413     1     2
  414     5    10
  415    84    84
  416    59    63
  417    56    56
  418    60    65
  419   105    97
  420    87    77
  421    71    70
  422   102    96
  423    42    38
  424     1     1
  425    65    61
  426    19    10
  427    53    47
  428    18    25
  429    95    95
  430    96    95
  431    58    64
  432    83    75
  433   100    91
  434    57    66
  435    75    84
  436    76    70
  437    21    11
  438    22    29
  439   103    95
  440    50    60
  441    43    47
  442    11    21
  443    65    69
  444    23    23
  445    98    96
  446    15    13
  447    16    26
  448    87    90
  449    39    40
  450    65    72
  451    76    74
  452    22    18
  453    38    42
  454    19    12
  455    30    35
  456    41    43
  457    60    68
  458    41    47
  459    88    80
  460    45    35
  461    62    54
  462    21    31
  463    35    30
  464    63    63
  465    14    13
  466     1     3
  467    74    83
  468    88    87
  469    16     7
  470    49    50
  471     8     1
  472    34    40
  473   101    99
  474    91    93
  475    62    61
  476    87    92
  477     5    12
  478     1     5
  479    71    62
  480    29    36
  481    73    72
  482    61    56
  483    71    76
  484   102    99
  485    82    86
  486   100    94
  487    50    47
  488     1     1
  489     1     6
  490    29    30
  491    29    28
  492    68    76
  493    12     6
  494    66    68
  495    58    56
  496    91    87
  497     1     4
  498    68    78
  499     6     1
  500    13    19
  501    96   100
  502     8     9
  503    68    62
  504    70    76
  505    29    24
  506    35    38
  507    66    64
  508    64    74
  509    38    48
  510    81    76
  511    22    13
  512    55    65
  513    26    17
  514    74    81
  515     1     6
  516    97    87
  517    22    19
  518    82    78
  519    12    14
  520     9    11
  521    38    46
  522    79    70
  523    88    85
  524    81    73
  525    84    94
  526    39    39
  527    15    24
  528    16    11
  529    34    40
  530    26    26
  531    26    26
  532    84    75
  533     5     5
  534    48    38
  535    31    38
  536    94    87
  537     1     6
  538    89    81
  539     1     5
  540    89    79
  541    91    92
  542    25    19
  543    44    46
  544    57    67
  545    83    87
  546    37    33
  547    15    14
  548    87    83
  549    24    17
  550    28    23
  551    56    63
  552    78    80
  553    41    42
  554    36    28
  555    49    42
  556    82    82
  557    66    71
  558    17    12
  559    70    71
  560    39    30
  561    56    60
  562    87    80
  563    44    49
  564    79    71
  565    45    39
  566    11     8
  567    59    68
  568    82    90
  569    62    64
  570    20    14
  571    68    65
  572    93    84
  573    51    53
  574    20    21
  575    90    90
  576    97    88
  577    75    70
  578    90    82
  579    26    16
  580    38    43
  581    35    31
  582    20    14
  583    97    90
  584    46    53
  585    20    26
  586   103    95
  587    38    37
  588    89    83
  589     6    12
  590    54    46
  591    75    72
  592    37    44
  593    38    29
  594    74    76
  595    33    27
  596    35    34
  597    17    10
  598    84    91
  599    37    45
  600    91    81
  601    11     7
  602   107   100
  603    53    59
  604    66    56
  605    48    51
  606    17    16
  607    73    77
  608    33    40
  609    65    57
  610    73    76
  611    75    69
  612    67    66
  613    33    26
  614    38    39
  615    20    13
  616    68    69
  617    27    24
  618     7    12
  619    42    35
  620    27    23
  621    36    34
  622    55    54
  623    31    28
  624    56    47
  625    93    98
  626     7    14
  627    33    35
  628    30    34
  629    35    45
  630    41    49
  631    28    37
  632    47    39
  633    76    83
  634    79    76
  635    13     5
  636    80    84
  637    84    74
  638    57    57
  639    16    26
  640    61    68
  641     2     5
  642    85    92
  643    79    73
  644    38    41
  645    67    70
  646    15     5
  647    76    78
  648     1     1
  649    51    41
  650    12    19
  651    93   100
  652    35    43
  653    81    85
  654    19    16
  655    72    70
  656    73    65
  657    99    92
  658   103    97
  659    89    91
  660    49    40
  661     3     9
  662    53    52
  663    41    39
  664   100    93
  665    20    15
  666    40    37
  667    15    12
  668    70    72
  669    98    93
  670    44    43
  671    12    22
  672    18    24
  673    91    93
  674    96    98
  675    51    60
  676     5     3
  677    46    46
  678    54    61
  679    39    41
  680    45    49
  681    23    32
  682    94    95
  683    86    91
  684    40    42
  685    87    96
  686    79    79
  687    17    24
  688    64    70
  689    99    99
  690    80    77
  691    40    36
  692    37    39
  693   101    97
  694    58    56
  695    21    28
  696    43    38
  697    27    20
  698     3     4
  699    87    83
  700    53    51
  701    92    96
  702    64    63
  703    17    12
  704    16     7
  705    96    98
  706    37    30
  707    74    73
  708    21    14
  709    85    75
  710    84    74
  711     9     3
  712    37    40
  713    92    99
  714   107    97
  715    19    25
  716    12    21
  717    22    32
  718   102    96
  719    83    87
  720    10     4
  721    44    34
  722    10     8
  723    39    45
  724    54    64
  725    96    87
  726    94    98
  727    77    75
  728    33    31
  729    69    69
  730    85    93
  731    75    80
  732    46    46
  733    74    76
  734    14     5
  735    10    17
  736    21    19
  737    93    84
  738    69    79
  739    87    88
  740    37    47
  741    89    92
  742    27    37
  743    58    56
  744    60    55
  745    75    79
  746    10     8
  747    46    45
  748    91    88
  749    22    29
  750    89    94
  751    10    18
  752    14     8
  753    52    46
  754    63    67
  755    34    24
  756    33    38
  757   100    96
  758    44    34
  759    87    81
  760    86    80
  761    42    44
  762    42    51
  763    95    92
  764    50    56
  765    35    37
  766    55    60
  767   103    97
  768    30    29
  769   104    98
  770    87    90
  771     2    11
  772    82    81
  773    89    98
  774    15    14
  775    89    95
  776    44    54
  777    79    83
  778    56    65
  779    97   100
  780     4    14
  781    70    66
  782    50    42
  783    43    39
  784    32    25
  785    10    11
  786    35    37
  787    93    89
  788    68    75
  789    25    23
  790    78    72
  791    23    22
  792     9    17
  793    46    50
  794    17     7
  795    28    38
  796    18    10
  797    73    67
  798    26    29
  799    51    43
  800    53    51
  801    46    41
  802    27    26
  803    85    80
  804    19    14
  805    58    65
  806    65    72
  807    92    98
  808    71    68
  809    51    56
  810    18    24
  811    96    90
  812    60    64
  813    18    28
  814    56    48
  815     1     7
  816    48    49
  817    79    72
  818    46    44
  819    46    50
  820    55    48
  821    15    18
  822    34    27
  823    93    98
  824     8    17
  825    68    66
  826    26    21
  827    49    51
  828    55    60
  829    12     9
  830    87    79
  831     8    17
  832    46    37
  833    46    36
  834    97   100
  835    32    27
  836    88    82
  837    46    56
  838     2     8
  839    51    54
  840    58    62
  841    88    78
  842     8    12
  843    75    70
  844    36    38
  845    13     6
  846    85    91
  847    35    29
  848    56    61
  849    38    42
  850    71    77
  851    21    13
  852    17    24
  853    57    53
  854    85    92
  855    45    55
  856    32    40
  857    80    73
  858    29    20
  859    16    10
  860    65    61
  861    17     8
  862    35    40
  863    53    60
  864    24    23
  865    16    20
  866    46    51
  867    62    66
  868     8     7
  869    54    60
  870    53    46
  871    26    25
  872    58    51
  873     1     4
  874    22    22
  875    82    81
  876    27    19
  877    77    73
  878    56    52
  879     7    14
  880    53    48
  881    19    28
  882    93    95
  883    31    30
  884    90    93
  885    27    22
  886    42    50
  887    16    16
  888    16    23
  889    85    86
  890    70    77
  891    44    45
  892     1     2
  893    21    15
  894    35    29
  895    81    74
  896   104   100
  897    28    37
  898     1     5
  899    35    26
  900    24    30
  901    44    37
  902   104    97
  903    55    47
  904    32    28
  905    12     3
  906    44    42
  907    25    22
  908    32    36
  909    88    81
  910    21    23
  911    13    22
  912    20    15
  913     4    11
  914    66    67
  915    43    38
  916    84    92
  917    27    26
  918    23    30
  919    78    75
  920    46    50
  921     1     7
  922     1     3
  923   105    97
  924    61    51
  925    63    59
  926    71    77
  927    97    91
  928   101    93
  929     4    14
  930    39    35
  931    13    14
  932    27    30
  933    72    78
  934    79    78
  935    10     8
  936    62    61
  937    53    63
  938    67    67
  939    93    98
  940    84    92
  941    84    90
  942     9     3
  943    26    24
  944    71    78
  945    89    87
  946    18    13
  947    15    25
  948    52    51
  949    63    60
  950    94   100
  951    53    49
  952    73    77
  953    24    17
  954    16    19
  955   101    97
  956    65    59
  957    12    20
  958    69    74
  959    88    79
  960     1     1
  961    66    72
  962    82    84
  963    66    72
  964     1     1
  965    20    16
  966    52    48
  967    79    87
  968    38    45
  969    55    47
  970    56    54
  971    87    77
  972    55    60
  973    96    94
  974    47    41
  975    44    37
  976   104   100
  977    19    27
  978    63    56
  979    94    98
  980    44    42
  981    53    62
  982    35    31
  983    58    54
  984    68    59
  985    84    76
  986    61    69
  987     1     7
  988    83    83
  989    83    73
  990     9    16
  991    51    49
  992    96    93
  993    75    75
  994    62    54
  995    75    65
  996    76    76
  997    18    26
  998    49    52
  999   107    97
 1000    37    29
5121
