500
    1    82    89
    2     4     1
    3    33    39
    4    67    76
    5    42    41
    6    28    27
    7    61    62
    8   107    97
    9    36    38
   10    59    51
   11    43    45
   12     1     8
   13    14    21
   14    79    77
   15    96    90
   16    51    54
   17    78    86
   18    21    21
   19    63    54
   20    90    91
   21    90    90
   22    41    49
   23    68    77
   24    42    48
   25     1     6
   26    75    77
   27    48    39
   28    33    29
   29    38    39
   30    50    60
   31    61    67
   32   103    93
   33    12    17
   34    18    10
   35    21    21
   36     1     6
   37     1     1
   38   108    98
   39    46    41
   40    52    44
   41    56    48
   42    76    67
   43    17    23
   44    73    83
   45    53    52
   46    86    92
   47     3     7
   48    11     3
   49    90    88
   50    19    17
   51    20    20
   52    99    89
   53    74    70
   54    49    49
   55    92    90
   56    76    85
   57    89    94
   58    56    52
   59    12    13
   60    19    15
   61    81    90
   62    84    88
   63    52    45
   64    61    52
   65    47    57
   66     1     1
   67    35    26
   68    74    76
   69    58    49
   70    66    67
   71    95    87
   72    58    59
   73    98    95
   74    37    28
   75     9    13
   76    44    42
   77    83    88
   78     6    16
   79    69    70
   80    52    60
   81    36    27
   82     7     3
   83    45    52
   84    83    91
   85    93    99
   86    58    63
   87    27    17
   88    50    49
   89    82    91
   90    91   100
   91    76    82
   92    46    46
   93    68    62
   94    57    49
   95     7     5
   96    73    82
   97    80    74
   98    54    54
   99     1     5
  100    71    61
  101    85    94
  102    33    25
  103    88    79
  104    65    61
  105    38    38
  106    70    75
  107    72    68
  108    53    48
  109    18    28
  110   107    98
  111     5    12
  112    38    36
  113    49    42
  114    83    90
  115    11     2
  116    31    32
  117    13     8
  118    62    54
  119    78    70
  120    82    78
  121    31    29
  122     8     2
  123    16    13
  124    29    32
  125    50    54
  126    57    64
  127    62    53
  128    60    53
  129    31    36
  130    25    24
  131    85    79
  132    57    66
  133    22    20
  134    99    97
  135    84    90
  136    50    51
  137    69    66
  138    87    92
  139    86    79
  140    64    73
  141    77    76
  142    64    70
  143    61    56
  144    44    36
  145    45    42
  146    28    27
  147    64    59
  148    95    92
  149    28    38
  150    27    23
  151    88    98
  152    51    54
  153     1     3
  154    33    41
  155    76    71
  156    84    77
  157    81    79
  158    22    16
  159    68    71
  160    96    90
  161    79    74
  162    88    96
  163    91    91
  164    14    11
  165   100    98
  166    55    63
  167     3     4
  168    69    65
  169    10     7
  170    39    38
  171    64    68
  172    39    31
  173    44    34
  174   103    95
  175    74    80
  176    62    60
  177    44    51
  178    91    98
  179    18    19
  180    69    73
  181    40    32
  182    10    10
  183    90    85
  184    39    33
  185     7    10
  186    19    14
  187    76    79
  188    83    90
  189    85    85
  190    88    90
  191    16    11
  192    68    76
  193    79    73
  194     1     5
  195    32    26
  196    73    75
  197    50    57
  198    37    39
  199    16     8
  200    16    14
  201    80    84
  202    37    42
  203    41    48
  204     4    12
  205    62    64
  206     2     6
  207    80    89
  208    29    27
  209    45    52
  210    96    86
  211    25    33
  212    79    73
  213    45    36
  214     2    10
  215    65    71
  216    37    32
  217    96    89
  218    52    57
  219     8    14
  220   105    99
  221    48    43
  222    33    42
  223    64    58
  224    86    89
  225    47    49
  226   100    93
  227    36    40
  228    62    70
  229    68    60
  230    76    72
  231    48    42
  232    61    67
  233    55    54
  234    48    47
  235    29    38
  236    84    93
  237    16    14
  238    80    74
  239     8    14
  240    13    14
  241    19    26
  242    19    28
  243    38    30
  244    41    32
  245    69    59
  246    94    92
  247    42    35
  248    78    75
  249    40    33
  250    10    17
  251     7     8
  252    93    88
  253    58    62
  254    39    39
  255    46    44
  256    96    86
  257   103    93
  258    85    85
  259    42    44
  260    90    98
  261    64    60
  262    67    58
  263    54    60
  264    27    24
  265    35    44
  266    38    43
  267   103    99
  268    96    89
  269     1     6
  270    33    36
  271    46    53
  272    85    92
  273    64    65
  274    56    64
  275    88    78
  276    85    83
  277    66    56
  278   106    99
  279    43    34
  280    18     9
  281    27    18
  282    71    71
  283    21    12
  284    42    40
  285    98    97
  286    29    22
  287    85    92
  288    56    62
  289    88    98
  290    34    24
  291    10    19
  292     1     1
  293     1     1
  294     1     3
  295     1     4
  296     1     8
  297     1     3
  298    27    23
  299    21    27
  300    81    89
  301    77    77
  302    23    16
  303    86    95
  304    53    50
  305    22    28
  306    75    65
  307    23    20
  308    76    82
  309     7    17
  310    90    96
  311    73    67
  312    41    31
  313    68    71
  314    57    67
  315    12    19
  316   100    95
  317    42    38
  318    66    70
  319     1     3
  320     1    10
  321    73    75
  322    27    32
  323    33    29
  324    49    43
  325    28    38
  326     7     4
  327    89    87
  328    33    32
  329    79    71
  330    99    98
  331    64    57
  332    54    44
  333    57    50
  334    81    89
  335    99    95
  336    12     4
  337    91    88
  338    10     4
  339    87    81
  340    51    57
  341    59    58
  342    86    87
  343    72    79
  344    75    69
  345    47    37
  346    56    56
  347    60    53
  348    15    23
  349    85    94
  350    78    84
  351    61    69
  352    54    53
  353    94    97
  354     7     5
  355    86    93
  356   103    94
  357    63    72
  358     9    12
  359    91   100
  360    45    55
  361     8     7
  362    81    82
  363    32    42
  364    54    59
  365    47    51
  366    37    40
  367    66    66
  368    28    33
  369    64    60
  370     3    12
  371    17    17
  372    95    91
  373    50    57
  374    92    83
  375    67    57
  376    42    34
  377    23    28
  378    15    23
  379    21    25
  380    62    54
  381     1     4
  382    82    72
  383    44    45
  384    40    32
  385    99    92
  386    73    64
  387    30    40
  388    73    75
  389     8     3
  390    22    21
  391    81    72
  392    18    22
  393    31    28
  394    20    19
  395    82    77
  396    25    26
  397   106    97
  398    78    81
  399    29    23
  400    26    34
  401    26    29
  402    21    26
  403    56    47
  404    43    36
  405     1     3
  406     3     5
  407    60    63
  408    86    87
  409    42    39
  410    95    91
  411    96    88
  412    26    20
  413     1     2
  414     5    10
  415    84    84
  416    59    63
  417    56    56
  418    60    65
  419   105    97
  420    87    77
  421    71    70
  422   102    96
  423    42    38
  424     1     1
  425    65    61
  426    19    10
  427    53    47
  428    18    25
  429    95    95
  430    96    95
  431    58    64
  432    83    75
  433   100    91
  434    57    66
  435    75    84
  436    76    70
  437    21    11
  438    22    29
  439   103    95
  440    50    60
  441    43    47
  442    11    21
  443    65    69
  444    23    23
  445    98    96
  446    15    13
  447    16    26
  448    87    90
  449    39    40
  450    65    72
  451    76    74
  452    22    18
  453    38    42
  454    19    12
  455    30    35
  456    41    43
  457    60    68
  458    41    47
  459    88    80
  460    45    35
  461    62    54
  462    21    31
  463    35    30
  464    63    63
  465    14    13
  466     1     3
  467    74    83
  468    88    87
  469    16     7
  470    49    50
  471     8     1
  472    34    40
  473   101    99
  474    91    93
  475    62    61
  476    87    92
  477     5    12
  478     1     5
  479    71    62
  480    29    36
  481    73    72
  482    61    56
  483    71    76
  484   102    99
  485    82    86
  486   100    94
  487    50    47
  488     1     1
  489     1     6
  490    29    30
  491    29    28
  492    68    76
  493    12     6
  494    66    68
  495    58    56
  496    91    87
  497     1     4
  498    68    78
  499     6     1
  500    13    19
2583
