100
    1    82    89
    2     4     1
    3    33    39
    4    67    76
    5    42    41
    6    28    27
    7    61    62
    8   107    97
    9    36    38
   10    59    51
   11    43    45
   12     1     8
   13    14    21
   14    79    77
   15    96    90
   16    51    54
   17    78    86
   18    21    21
   19    63    54
   20    90    91
   21    90    90
   22    41    49
   23    68    77
   24    42    48
   25     1     6
   26    75    77
   27    48    39
   28    33    29
   29    38    39
   30    50    60
   31    61    67
   32   103    93
   33    12    17
   34    18    10
   35    21    21
   36     1     6
   37     1     1
   38   108    98
   39    46    41
   40    52    44
   41    56    48
   42    76    67
   43    17    23
   44    73    83
   45    53    52
   46    86    92
   47     3     7
   48    11     3
   49    90    88
   50    19    17
   51    20    20
   52    99    89
   53    74    70
   54    49    49
   55    92    90
   56    76    85
   57    89    94
   58    56    52
   59    12    13
   60    19    15
   61    81    90
   62    84    88
   63    52    45
   64    61    52
   65    47    57
   66     1     1
   67    35    26
   68    74    76
   69    58    49
   70    66    67
   71    95    87
   72    58    59
   73    98    95
   74    37    28
   75     9    13
   76    44    42
   77    83    88
   78     6    16
   79    69    70
   80    52    60
   81    36    27
   82     7     3
   83    45    52
   84    83    91
   85    93    99
   86    58    63
   87    27    17
   88    50    49
   89    82    91
   90    91   100
   91    76    82
   92    46    46
   93    68    62
   94    57    49
   95     7     5
   96    73    82
   97    80    74
   98    54    54
   99     1     5
  100    71    61
525
